:time rate [m^3/s]
TIME_UNITS h
DATA_UNITS m^3/s	
0.d0  -2.77777778d-4
1.d0  -2.77777778d-4
2.d0  -2.77777778d-4
3.d0  -2.77777778d-4
4.d0  -2.77777778d-4
5.d0  -2.77777778d-4
6.d0  -2.77777778d-4
7.d0  -2.77777778d-4
8.d0  -2.77777778d-4
9.d0  -2.77777778d-4
10.d0  -2.77777778d-4
11.d0  -2.77777778d-4
12.d0  -2.77777778d-4
13.d0  -2.77777778d-4
14.d0  -2.77777778d-4
15.d0  -2.77777778d-4
16.d0  -2.77777778d-4
17.d0  -2.77777778d-4
18.d0  -2.77777778d-4
19.d0  -2.77777778d-4
20.d0  -2.77777778d-4
21.d0  -2.77777778d-4
22.d0  -2.77777778d-4
23.d0  -2.77777778d-4
24.d0  -2.77777778d-4
25.d0  -2.77777778d-4
26.d0  -2.77777778d-4
27.d0  -2.77777778d-4
28.d0  -2.77777778d-4
29.d0  -2.77777778d-4
30.d0  -2.77777778d-4
31.d0  -2.77777778d-4
32.d0  -2.77777778d-4
33.d0  -2.77777778d-4
34.d0  -2.77777778d-4
35.d0  -2.77777778d-4
36.d0  -2.77777778d-4
37.d0  -2.77777778d-4
38.d0  -2.77777778d-4
39.d0  -2.77777778d-4
40.d0  -2.77777778d-4
41.d0  -2.77777778d-4
42.d0  -2.77777778d-4
43.d0  -2.77777778d-4
44.d0  -2.77777778d-4
45.d0  -2.77777778d-4
46.d0  -2.77777778d-4
47.d0  -2.77777778d-4
48.d0  -2.77777778d-4
49.d0  -2.77777778d-4
50.d0  -2.77777778d-4
51.d0  -2.77777778d-4
52.d0  -2.77777778d-4
53.d0  -2.77777778d-4
54.d0  -2.77777778d-4
55.d0  -2.77777778d-4
56.d0  -2.77777778d-4
57.d0  -2.77777778d-4
58.d0  -2.77777778d-4
59.d0  -2.77777778d-4
60.d0  -2.77777778d-4
61.d0  -2.77777778d-4
62.d0  -2.77777778d-4
63.d0  -2.77777778d-4
64.d0  -2.77777778d-4
65.d0  -2.77777778d-4
66.d0  -2.77777778d-4
67.d0  -2.77777778d-4
68.d0  -2.77777778d-4
69.d0  -2.77777778d-4
70.d0  -2.77777778d-4
71.d0  -2.77777778d-4
72.d0  -2.77777778d-4
73.d0  -2.77777778d-4
74.d0  -2.77777778d-4
75.d0  -2.77777778d-4
76.d0  -2.77777778d-4
77.d0  -2.77777778d-4
78.d0  -2.77777778d-4
79.d0  -2.77777778d-4
80.d0  -2.77777778d-4
81.d0  -2.77777778d-4
82.d0  -2.77777778d-4
83.d0  -2.77777778d-4
84.d0  -2.77777778d-4
85.d0  -2.77777778d-4
86.d0  -2.77777778d-4
87.d0  -2.77777778d-4
88.d0  -2.77777778d-4
89.d0  -2.77777778d-4
90.d0  -2.77777778d-4
91.d0  -2.77777778d-4
92.d0  -2.77777778d-4
93.d0  -2.77777778d-4
94.d0  -2.77777778d-4
95.d0  -2.77777778d-4
96.d0  -2.77777778d-4
97.d0  -2.77777778d-4
98.d0  -2.77777778d-4
99.d0  -2.77777778d-4
100.d0  -2.77777778d-4
101.d0  -2.77777778d-4
102.d0  -2.77777778d-4
103.d0  -2.77777778d-4
104.d0  -2.77777778d-4
105.d0  -2.77777778d-4
106.d0  -2.77777778d-4
107.d0  -2.77777778d-4
108.d0  -2.77777778d-4
109.d0  -2.77777778d-4
110.d0  -2.77777778d-4
111.d0  -2.77777778d-4
112.d0  -2.77777778d-4
113.d0  -2.77777778d-4
114.d0  -2.77777778d-4
115.d0  -2.77777778d-4
116.d0  -2.77777778d-4
117.d0  -2.77777778d-4
118.d0  -2.77777778d-4
119.d0  -2.77777778d-4
120.d0  -2.77777778d-4
121.d0  -2.77777778d-4
122.d0  -2.77777778d-4
123.d0  -2.77777778d-4
124.d0  -2.77777778d-4
125.d0  -2.77777778d-4
126.d0  -2.77777778d-4
127.d0  -2.77777778d-4
128.d0  -2.77777778d-4
129.d0  -2.77777778d-4
130.d0  -2.77777778d-4
131.d0  -2.77777778d-4
132.d0  -2.77777778d-4
133.d0  -2.77777778d-4
134.d0  -2.77777778d-4
135.d0  -2.77777778d-4
136.d0  -2.77777778d-4
137.d0  -2.77777778d-4
138.d0  -2.77777778d-4
139.d0  -2.77777778d-4
140.d0  -2.77777778d-4
141.d0  -2.77777778d-4
142.d0  -2.77777778d-4
143.d0  -2.77777778d-4
144.d0  -2.77777778d-4
145.d0  -2.77777778d-4
146.d0  -2.77777778d-4
147.d0  -2.77777778d-4
148.d0  -2.77777778d-4
149.d0  -2.77777778d-4
150.d0  -2.77777778d-4
151.d0  -2.77777778d-4
152.d0  -2.77777778d-4
153.d0  -2.77777778d-4
154.d0  -2.77777778d-4
155.d0  -2.77777778d-4
156.d0  -2.77777778d-4
157.d0  -2.77777778d-4
158.d0  -2.77777778d-4
159.d0  -2.77777778d-4
160.d0  -2.77777778d-4
161.d0  -2.77777778d-4
162.d0  -2.77777778d-4
163.d0  -2.77777778d-4
164.d0  -2.77777778d-4
165.d0  -2.77777778d-4
166.d0  -2.77777778d-4
167.d0  -2.77777778d-4
168.d0  -2.77777778d-4
169.d0  -2.77777778d-4
170.d0  -2.77777778d-4
171.d0  -2.77777778d-4
172.d0  -2.77777778d-4
173.d0  -2.77777778d-4
174.d0  -2.77777778d-4
175.d0  -2.77777778d-4
176.d0  -2.77777778d-4
177.d0  -2.77777778d-4
178.d0  -2.77777778d-4
179.d0  -2.77777778d-4
180.d0  -2.77777778d-4
181.d0  -2.77777778d-4
182.d0  -2.77777778d-4
183.d0  -2.77777778d-4
184.d0  -2.77777778d-4
185.d0  -2.77777778d-4
186.d0  -2.77777778d-4
187.d0  -2.77777778d-4
188.d0  -2.77777778d-4
189.d0  -2.77777778d-4
190.d0  -2.77777778d-4
191.d0  -2.77777778d-4
192.d0  -2.77777778d-4
193.d0  -2.77777778d-4
194.d0  -2.77777778d-4
195.d0  -2.77777778d-4
196.d0  -2.77777778d-4
197.d0  -2.77777778d-4
198.d0  -2.77777778d-4
199.d0  -2.77777778d-4
200.d0  -2.77777778d-4
201.d0  -2.77777778d-4
202.d0  -2.77777778d-4
203.d0  -2.77777778d-4
204.d0  -2.77777778d-4
205.d0  -2.77777778d-4
206.d0  -2.77777778d-4
207.d0  -2.77777778d-4
208.d0  -2.77777778d-4
209.d0  -2.77777778d-4
210.d0  -2.77777778d-4
211.d0  -2.77777778d-4
212.d0  -2.77777778d-4
213.d0  -2.77777778d-4
214.d0  -2.77777778d-4
215.d0  -2.77777778d-4
216.d0  -2.77777778d-4
217.d0  -2.77777778d-4
218.d0  -2.77777778d-4
219.d0  -2.77777778d-4
220.d0  -2.77777778d-4
221.d0  -2.77777778d-4
222.d0  -2.77777778d-4
223.d0  -2.77777778d-4
224.d0  -2.77777778d-4
225.d0  -2.77777778d-4
226.d0  -2.77777778d-4
227.d0  -2.77777778d-4
228.d0  -2.77777778d-4
229.d0  -2.77777778d-4
230.d0  -2.77777778d-4
231.d0  -2.77777778d-4
232.d0  -2.77777778d-4
233.d0  -2.77777778d-4
234.d0  -2.77777778d-4
235.d0  -2.77777778d-4
236.d0  -2.77777778d-4
237.d0  -2.77777778d-4
238.d0  -2.77777778d-4
239.d0  -2.77777778d-4
240.d0  -2.77777778d-4
241.d0  -2.77777778d-4
242.d0  -2.77777778d-4
243.d0  -2.77777778d-4
244.d0  -2.77777778d-4
245.d0  -2.77777778d-4
246.d0  -2.77777778d-4
247.d0  -2.77777778d-4
248.d0  -2.77777778d-4
249.d0  -2.77777778d-4
250.d0  -2.77777778d-4
251.d0  -2.77777778d-4
252.d0  -2.77777778d-4
253.d0  -2.77777778d-4
254.d0  -2.77777778d-4
255.d0  -2.77777778d-4
256.d0  -2.77777778d-4
257.d0  -2.77777778d-4
258.d0  -2.77777778d-4
259.d0  -2.77777778d-4
260.d0  -2.77777778d-4
261.d0  -2.77777778d-4
262.d0  -2.77777778d-4
263.d0  -2.77777778d-4
264.d0  -2.77777778d-4
265.d0  -2.77777778d-4
266.d0  -2.77777778d-4
267.d0  -2.77777778d-4
268.d0  -2.77777778d-4
269.d0  -2.77777778d-4
270.d0  -2.77777778d-4
271.d0  -2.77777778d-4
272.d0  -2.77777778d-4
273.d0  -2.77777778d-4
274.d0  -2.77777778d-4
275.d0  -2.77777778d-4
276.d0  -2.77777778d-4
277.d0  -2.77777778d-4
278.d0  -2.77777778d-4
279.d0  -2.77777778d-4
280.d0  -2.77777778d-4
281.d0  -2.77777778d-4
282.d0  -2.77777778d-4
283.d0  -2.77777778d-4
284.d0  -2.77777778d-4
285.d0  -2.77777778d-4
286.d0  -2.77777778d-4
287.d0  -2.77777778d-4
288.d0  -2.77777778d-4
289.d0  -2.77777778d-4
290.d0  -2.77777778d-4
291.d0  -2.77777778d-4
292.d0  -2.77777778d-4
293.d0  -2.77777778d-4
294.d0  -2.77777778d-4
295.d0  -2.77777778d-4
296.d0  -2.77777778d-4
297.d0  -2.77777778d-4
298.d0  -2.77777778d-4
299.d0  -2.77777778d-4
300.d0  -2.77777778d-4
301.d0  -2.77777778d-4
302.d0  -2.77777778d-4
303.d0  -2.77777778d-4
304.d0  -2.77777778d-4
305.d0  -2.77777778d-4
306.d0  -2.77777778d-4
307.d0  -2.77777778d-4
308.d0  -2.77777778d-4
309.d0  -2.77777778d-4
310.d0  -2.77777778d-4
311.d0  -2.77777778d-4
312.d0  -2.77777778d-4
313.d0  -2.77777778d-4
314.d0  -2.77777778d-4
315.d0  -2.77777778d-4
316.d0  -2.77777778d-4
317.d0  -2.77777778d-4
318.d0  -2.77777778d-4
319.d0  -2.77777778d-4
320.d0  -2.77777778d-4
321.d0  -2.77777778d-4
322.d0  -2.77777778d-4
323.d0  -2.77777778d-4
324.d0  -2.77777778d-4
325.d0  -2.77777778d-4
326.d0  -2.77777778d-4
327.d0  -2.77777778d-4
328.d0  -2.77777778d-4
329.d0  -2.77777778d-4
330.d0  -2.77777778d-4
331.d0  -2.77777778d-4
332.d0  -2.77777778d-4
333.d0  -2.77777778d-4
334.d0  -2.77777778d-4
335.d0  -2.77777778d-4
336.d0  -2.77777778d-4
337.d0  -2.77777778d-4
338.d0  -2.77777778d-4
339.d0  -2.77777778d-4
340.d0  -2.77777778d-4
341.d0  -2.77777778d-4
342.d0  -2.77777778d-4
343.d0  -2.77777778d-4
344.d0  -2.77777778d-4
345.d0  -2.77777778d-4
346.d0  -2.77777778d-4
347.d0  -2.77777778d-4
348.d0  -2.77777778d-4
349.d0  -2.77777778d-4
350.d0  -2.77777778d-4
351.d0  -2.77777778d-4
352.d0  -2.77777778d-4
353.d0  -2.77777778d-4
354.d0  -2.77777778d-4
355.d0  -2.77777778d-4
356.d0  -2.77777778d-4
357.d0  -2.77777778d-4
358.d0  -2.77777778d-4
359.d0  -2.77777778d-4
360.d0  -2.77777778d-4
361.d0  -2.77777778d-4
362.d0  -2.77777778d-4
363.d0  -2.77777778d-4
364.d0  -2.77777778d-4
365.d0  -2.77777778d-4
366.d0  -2.77777778d-4
367.d0  -2.77777778d-4
368.d0  -2.77777778d-4
369.d0  -2.77777778d-4
370.d0  -2.77777778d-4
371.d0  -2.77777778d-4
372.d0  -2.77777778d-4
373.d0  -2.77777778d-4
374.d0  -2.77777778d-4
375.d0  -2.77777778d-4
376.d0  -2.77777778d-4
377.d0  -2.77777778d-4
378.d0  -2.77777778d-4
379.d0  -2.77777778d-4
380.d0  -2.77777778d-4
381.d0  -2.77777778d-4
382.d0  -2.77777778d-4
383.d0  -2.77777778d-4
384.d0  -2.77777778d-4
385.d0  -2.77777778d-4
386.d0  -2.77777778d-4
387.d0  -2.77777778d-4
388.d0  -2.77777778d-4
389.d0  -2.77777778d-4
390.d0  -2.77777778d-4
391.d0  -2.77777778d-4
392.d0  -2.77777778d-4
393.d0  -2.77777778d-4
394.d0  -2.77777778d-4
395.d0  -2.77777778d-4
396.d0  -2.77777778d-4
397.d0  -2.77777778d-4
398.d0  -2.77777778d-4
399.d0  -2.77777778d-4
400.d0  -2.77777778d-4
401.d0  -2.77777778d-4
402.d0  -2.77777778d-4
403.d0  -2.77777778d-4
404.d0  -2.77777778d-4
405.d0  -2.77777778d-4
406.d0  -2.77777778d-4
407.d0  -2.77777778d-4
408.d0  -2.77777778d-4
409.d0  -2.77777778d-4
410.d0  -2.77777778d-4
411.d0  -2.77777778d-4
412.d0  -2.77777778d-4
413.d0  -2.77777778d-4
414.d0  -2.77777778d-4
415.d0  -2.77777778d-4
416.d0  -2.77777778d-4
417.d0  -2.77777778d-4
418.d0  -2.77777778d-4
419.d0  -2.77777778d-4
420.d0  -2.77777778d-4
421.d0  -2.77777778d-4
422.d0  -2.77777778d-4
423.d0  -2.77777778d-4
424.d0  -2.77777778d-4
425.d0  -2.77777778d-4
426.d0  -2.77777778d-4
427.d0  -2.77777778d-4
428.d0  -2.77777778d-4
429.d0  -2.77777778d-4
430.d0  -2.77777778d-4
431.d0  -2.77777778d-4
432.d0  -2.77777778d-4
433.d0  -2.77777778d-4
434.d0  -2.77777778d-4
435.d0  -2.77777778d-4
436.d0  -2.77777778d-4
437.d0  -2.77777778d-4
438.d0  -2.77777778d-4
439.d0  -2.77777778d-4
440.d0  -2.77777778d-4
441.d0  -2.77777778d-4
442.d0  -2.77777778d-4
443.d0  -2.77777778d-4
444.d0  -2.77777778d-4
445.d0  -2.77777778d-4
446.d0  -2.77777778d-4
447.d0  -2.77777778d-4
448.d0  -2.77777778d-4
449.d0  -2.77777778d-4
450.d0  -2.77777778d-4
451.d0  -2.77777778d-4
452.d0  -2.77777778d-4
453.d0  -2.77777778d-4
454.d0  -2.77777778d-4
455.d0  -2.77777778d-4
456.d0  -2.77777778d-4
457.d0  -2.77777778d-4
458.d0  -2.77777778d-4
459.d0  -2.77777778d-4
460.d0  -2.77777778d-4
461.d0  -2.77777778d-4
462.d0  -2.77777778d-4
463.d0  -2.77777778d-4
464.d0  -2.77777778d-4
465.d0  -2.77777778d-4
466.d0  -2.77777778d-4
467.d0  -2.77777778d-4
468.d0  -2.77777778d-4
469.d0  -2.77777778d-4
470.d0  -2.77777778d-4
471.d0  -2.77777778d-4
472.d0  -2.77777778d-4
473.d0  -2.77777778d-4
474.d0  -2.77777778d-4
475.d0  -2.77777778d-4
476.d0  -2.77777778d-4
477.d0  -2.77777778d-4
478.d0  -2.77777778d-4
479.d0  -2.77777778d-4
480.d0  -2.77777778d-4
481.d0  -2.77777778d-4
482.d0  -2.77777778d-4
483.d0  -2.77777778d-4
484.d0  -2.77777778d-4
485.d0  -2.77777778d-4
486.d0  -2.77777778d-4
487.d0  -2.77777778d-4
488.d0  -2.77777778d-4
489.d0  -2.77777778d-4
490.d0  -2.77777778d-4
491.d0  -2.77777778d-4
492.d0  -2.77777778d-4
493.d0  -2.77777778d-4
494.d0  -2.77777778d-4
495.d0  -2.77777778d-4
496.d0  -2.77777778d-4
497.d0  -2.77777778d-4
498.d0  -2.77777778d-4
499.d0  -2.77777778d-4
500.d0  -2.77777778d-4
501.d0  -2.77777778d-4
502.d0  -2.77777778d-4
503.d0  -2.77777778d-4
504.d0  -2.77777778d-4
505.d0  -2.77777778d-4
506.d0  -2.77777778d-4
507.d0  -2.77777778d-4
508.d0  -2.77777778d-4
509.d0  -2.77777778d-4
510.d0  -2.77777778d-4
511.d0  -2.77777778d-4
512.d0  -2.77777778d-4
513.d0  -2.77777778d-4
514.d0  -2.77777778d-4
515.d0  -2.77777778d-4
516.d0  -2.77777778d-4
517.d0  -2.77777778d-4
518.d0  -2.77777778d-4
519.d0  -2.77777778d-4
520.d0  -2.77777778d-4
521.d0  -2.77777778d-4
522.d0  -2.77777778d-4
523.d0  -2.77777778d-4
524.d0  -2.77777778d-4
525.d0  -2.77777778d-4
526.d0  -2.77777778d-4
527.d0  -2.77777778d-4
528.d0  -2.77777778d-4
529.d0  -2.77777778d-4
530.d0  -2.77777778d-4
531.d0  -2.77777778d-4
532.d0  -2.77777778d-4
533.d0  -2.77777778d-4
534.d0  -2.77777778d-4
535.d0  -2.77777778d-4
536.d0  -2.77777778d-4
537.d0  -2.77777778d-4
538.d0  -2.77777778d-4
539.d0  -2.77777778d-4
540.d0  -2.77777778d-4
541.d0  -2.77777778d-4
542.d0  -2.77777778d-4
543.d0  -2.77777778d-4
544.d0  -2.77777778d-4
545.d0  -2.77777778d-4
546.d0  -2.77777778d-4
547.d0  -2.77777778d-4
548.d0  -2.77777778d-4
549.d0  -2.77777778d-4
550.d0  -2.77777778d-4
551.d0  -2.77777778d-4
552.d0  -2.77777778d-4
553.d0  -2.77777778d-4
554.d0  -2.77777778d-4
555.d0  -2.77777778d-4
556.d0  -2.77777778d-4
557.d0  -2.77777778d-4
558.d0  -2.77777778d-4
559.d0  -2.77777778d-4
560.d0  -2.77777778d-4
561.d0  -2.77777778d-4
562.d0  -2.77777778d-4
563.d0  -2.77777778d-4
564.d0  -2.77777778d-4
565.d0  -2.77777778d-4
566.d0  -2.77777778d-4
567.d0  -2.77777778d-4
568.d0  -2.77777778d-4
569.d0  -2.77777778d-4
570.d0  -2.77777778d-4
571.d0  -2.77777778d-4
572.d0  -2.77777778d-4
573.d0  -2.77777778d-4
574.d0  -2.77777778d-4
575.d0  -2.77777778d-4
576.d0  -2.77777778d-4
577.d0  -2.77777778d-4
578.d0  -2.77777778d-4
579.d0  -2.77777778d-4
580.d0  -2.77777778d-4
581.d0  -2.77777778d-4
582.d0  -2.77777778d-4
583.d0  -2.77777778d-4
584.d0  -2.77777778d-4
585.d0  -2.77777778d-4
586.d0  -2.77777778d-4
587.d0  -2.77777778d-4
588.d0  -2.77777778d-4
589.d0  -2.77777778d-4
590.d0  -2.77777778d-4
591.d0  -2.77777778d-4
592.d0  -2.77777778d-4
593.d0  -2.77777778d-4
594.d0  -2.77777778d-4
595.d0  -2.77777778d-4
596.d0  -2.77777778d-4
597.d0  -2.77777778d-4
598.d0  -2.77777778d-4
599.d0  -2.77777778d-4
600.d0  -2.77777778d-4
601.d0  -2.77777778d-4
602.d0  -2.77777778d-4
603.d0  -2.77777778d-4
604.d0  -2.77777778d-4
605.d0  -2.77777778d-4
606.d0  -2.77777778d-4
607.d0  -2.77777778d-4
608.d0  -2.77777778d-4
609.d0  -2.77777778d-4
610.d0  -2.77777778d-4
611.d0  -2.77777778d-4
612.d0  -2.77777778d-4
613.d0  -2.77777778d-4
614.d0  -2.77777778d-4
615.d0  -2.77777778d-4
616.d0  -2.77777778d-4
617.d0  -2.77777778d-4
618.d0  -2.77777778d-4
619.d0  -2.77777778d-4
620.d0  -2.77777778d-4
621.d0  -2.77777778d-4
622.d0  -2.77777778d-4
623.d0  -2.77777778d-4
624.d0  -2.77777778d-4
625.d0  -2.77777778d-4
626.d0  -2.77777778d-4
627.d0  -2.77777778d-4
628.d0  -2.77777778d-4
629.d0  -2.77777778d-4
630.d0  -2.77777778d-4
631.d0  -2.77777778d-4
632.d0  -2.77777778d-4
633.d0  -2.77777778d-4
634.d0  -2.77777778d-4
635.d0  -2.77777778d-4
636.d0  -2.77777778d-4
637.d0  -2.77777778d-4
638.d0  -2.77777778d-4
639.d0  -2.77777778d-4
640.d0  -2.77777778d-4
641.d0  -2.77777778d-4
642.d0  -2.77777778d-4
643.d0  -2.77777778d-4
644.d0  -2.77777778d-4
645.d0  -2.77777778d-4
646.d0  -2.77777778d-4
647.d0  -2.77777778d-4
648.d0  -2.77777778d-4
649.d0  -2.77777778d-4
650.d0  -2.77777778d-4
651.d0  -2.77777778d-4
652.d0  -2.77777778d-4
653.d0  -2.77777778d-4
654.d0  -2.77777778d-4
655.d0  -2.77777778d-4
656.d0  -2.77777778d-4
657.d0  -2.77777778d-4
658.d0  -2.77777778d-4
659.d0  -2.77777778d-4
660.d0  -2.77777778d-4
661.d0  -2.77777778d-4
662.d0  -2.77777778d-4
663.d0  -2.77777778d-4
664.d0  -2.77777778d-4
665.d0  -2.77777778d-4
666.d0  -2.77777778d-4
667.d0  -2.77777778d-4
668.d0  -2.77777778d-4
669.d0  -2.77777778d-4
670.d0  -2.77777778d-4
671.d0  -2.77777778d-4
672.d0  -2.77777778d-4
673.d0  -2.77777778d-4
674.d0  -2.77777778d-4
675.d0  -2.77777778d-4
676.d0  -2.77777778d-4
677.d0  -2.77777778d-4
678.d0  -2.77777778d-4
679.d0  -2.77777778d-4
680.d0  -2.77777778d-4
681.d0  -2.77777778d-4
682.d0  -2.77777778d-4
683.d0  -2.77777778d-4
684.d0  -2.77777778d-4
685.d0  -2.77777778d-4
686.d0  -2.77777778d-4
687.d0  -2.77777778d-4
688.d0  -2.77777778d-4
689.d0  -2.77777778d-4
690.d0  -2.77777778d-4
691.d0  -2.77777778d-4
692.d0  -2.77777778d-4
693.d0  -2.77777778d-4
694.d0  -2.77777778d-4
695.d0  -2.77777778d-4
696.d0  -2.77777778d-4
697.d0  -2.77777778d-4
698.d0  -2.77777778d-4
699.d0  -2.77777778d-4
700.d0  -2.77777778d-4
701.d0  -2.77777778d-4
702.d0  -2.77777778d-4
703.d0  -2.77777778d-4
704.d0  -2.77777778d-4
705.d0  -2.77777778d-4
706.d0  -2.77777778d-4
707.d0  -2.77777778d-4
708.d0  -2.77777778d-4
709.d0  -2.77777778d-4
710.d0  -2.77777778d-4
711.d0  -2.77777778d-4
712.d0  -2.77777778d-4
713.d0  -2.77777778d-4
714.d0  -2.77777778d-4
715.d0  -2.77777778d-4
716.d0  -2.77777778d-4
717.d0  -2.77777778d-4
718.d0  -2.77777778d-4
719.d0  -2.77777778d-4
720.d0  -2.77777778d-4
721.d0  -2.77777778d-4
722.d0  -2.77777778d-4
723.d0  -2.77777778d-4
724.d0  -2.77777778d-4
725.d0  -2.77777778d-4
726.d0  -2.77777778d-4
727.d0  -2.77777778d-4
728.d0  -2.77777778d-4
729.d0  -2.77777778d-4
730.d0  -2.77777778d-4
731.d0  -2.77777778d-4
732.d0  -2.77777778d-4
733.d0  -2.77777778d-4
734.d0  -2.77777778d-4
735.d0  -2.77777778d-4
736.d0  -2.77777778d-4
737.d0  -2.77777778d-4
738.d0  -2.77777778d-4
739.d0  -2.77777778d-4
740.d0  -2.77777778d-4
741.d0  -2.77777778d-4
742.d0  -2.77777778d-4
743.d0  -2.77777778d-4
744.d0  -2.77777778d-4
745.d0  -2.77777778d-4
746.d0  -2.77777778d-4
747.d0  -2.77777778d-4
748.d0  -2.77777778d-4
749.d0  -2.77777778d-4
750.d0  -2.77777778d-4
751.d0  -2.77777778d-4
752.d0  -2.77777778d-4
753.d0  -2.77777778d-4
754.d0  -2.77777778d-4
755.d0  -2.77777778d-4
756.d0  -2.77777778d-4
757.d0  -2.77777778d-4
758.d0  -2.77777778d-4
759.d0  -2.77777778d-4
760.d0  -2.77777778d-4
761.d0  -2.77777778d-4
762.d0  -2.77777778d-4
763.d0  -2.77777778d-4
764.d0  -2.77777778d-4
765.d0  -2.77777778d-4
766.d0  -2.77777778d-4
767.d0  -2.77777778d-4
768.d0  -2.77777778d-4
769.d0  -2.77777778d-4
770.d0  -2.77777778d-4
771.d0  -2.77777778d-4
772.d0  -2.77777778d-4
773.d0  -2.77777778d-4
774.d0  -2.77777778d-4
775.d0  -2.77777778d-4
776.d0  -2.77777778d-4
777.d0  -2.77777778d-4
778.d0  -2.77777778d-4
779.d0  -2.77777778d-4
780.d0  -2.77777778d-4
781.d0  -2.77777778d-4
782.d0  -2.77777778d-4
783.d0  -2.77777778d-4
784.d0  -2.77777778d-4
785.d0  -2.77777778d-4
786.d0  -2.77777778d-4
787.d0  -2.77777778d-4
788.d0  -2.77777778d-4
789.d0  -2.77777778d-4
790.d0  -2.77777778d-4
791.d0  -2.77777778d-4
792.d0  -2.77777778d-4
793.d0  -2.77777778d-4
794.d0  -2.77777778d-4
795.d0  -2.77777778d-4
796.d0  -2.77777778d-4
797.d0  -2.77777778d-4
798.d0  -2.77777778d-4
799.d0  -2.77777778d-4
800.d0  -2.77777778d-4
801.d0  -2.77777778d-4
802.d0  -2.77777778d-4
803.d0  -2.77777778d-4
804.d0  -2.77777778d-4
805.d0  -2.77777778d-4
806.d0  -2.77777778d-4
807.d0  -2.77777778d-4
808.d0  -2.77777778d-4
809.d0  -2.77777778d-4
810.d0  -2.77777778d-4
811.d0  -2.77777778d-4
812.d0  -2.77777778d-4
813.d0  -2.77777778d-4
814.d0  -2.77777778d-4
815.d0  -2.77777778d-4
816.d0  -2.77777778d-4
817.d0  -2.77777778d-4
818.d0  -2.77777778d-4
819.d0  -2.77777778d-4
820.d0  -2.77777778d-4
821.d0  -2.77777778d-4
822.d0  -2.77777778d-4
823.d0  -2.77777778d-4
824.d0  -2.77777778d-4
825.d0  -2.77777778d-4
826.d0  -2.77777778d-4
827.d0  -2.77777778d-4
828.d0  -2.77777778d-4
829.d0  -2.77777778d-4
830.d0  -2.77777778d-4
831.d0  -2.77777778d-4
832.d0  -2.77777778d-4
833.d0  -2.77777778d-4
834.d0  -2.77777778d-4
835.d0  -2.77777778d-4
836.d0  -2.77777778d-4
837.d0  -2.77777778d-4
838.d0  -2.77777778d-4
839.d0  -2.77777778d-4
840.d0  -2.77777778d-4
841.d0  -2.77777778d-4
842.d0  -2.77777778d-4
843.d0  -2.77777778d-4
844.d0  -2.77777778d-4
845.d0  -2.77777778d-4
846.d0  -2.77777778d-4
847.d0  -2.77777778d-4
848.d0  -2.77777778d-4
849.d0  -2.77777778d-4
850.d0  -2.77777778d-4
851.d0  -2.77777778d-4
852.d0  -2.77777778d-4
853.d0  -2.77777778d-4
854.d0  -2.77777778d-4
855.d0  -2.77777778d-4
856.d0  -2.77777778d-4
857.d0  -2.77777778d-4
858.d0  -2.77777778d-4
859.d0  -2.77777778d-4
860.d0  -2.77777778d-4
861.d0  -2.77777778d-4
862.d0  -2.77777778d-4
863.d0  -2.77777778d-4
864.d0  -2.77777778d-4
865.d0  -2.77777778d-4
866.d0  -2.77777778d-4
867.d0  -2.77777778d-4
868.d0  -2.77777778d-4
869.d0  -2.77777778d-4
870.d0  -2.77777778d-4
871.d0  -2.77777778d-4
872.d0  -2.77777778d-4
873.d0  -2.77777778d-4
874.d0  -2.77777778d-4
875.d0  -2.77777778d-4
876.d0  -2.77777778d-4
877.d0  -2.77777778d-4
878.d0  -2.77777778d-4
879.d0  -2.77777778d-4
880.d0  -2.77777778d-4
881.d0  -2.77777778d-4
882.d0  -2.77777778d-4
883.d0  -2.77777778d-4
884.d0  -2.77777778d-4
885.d0  -2.77777778d-4
886.d0  -2.77777778d-4
887.d0  -2.77777778d-4
888.d0  -2.77777778d-4
889.d0  -2.77777778d-4
890.d0  -2.77777778d-4
891.d0  -2.77777778d-4
892.d0  -2.77777778d-4
893.d0  -2.77777778d-4
894.d0  -2.77777778d-4
895.d0  -2.77777778d-4
896.d0  -2.77777778d-4
897.d0  -2.77777778d-4
898.d0  -2.77777778d-4
899.d0  -2.77777778d-4
900.d0  -2.77777778d-4
901.d0  -2.77777778d-4
902.d0  -2.77777778d-4
903.d0  -2.77777778d-4
904.d0  -2.77777778d-4
905.d0  -2.77777778d-4
906.d0  -2.77777778d-4
907.d0  -2.77777778d-4
908.d0  -2.77777778d-4
909.d0  -2.77777778d-4
910.d0  -2.77777778d-4
911.d0  -2.77777778d-4
912.d0  -2.77777778d-4
913.d0  -2.77777778d-4
914.d0  -2.77777778d-4
915.d0  -2.77777778d-4
916.d0  -2.77777778d-4
917.d0  -2.77777778d-4
918.d0  -2.77777778d-4
919.d0  -2.77777778d-4
920.d0  -2.77777778d-4
921.d0  -2.77777778d-4
922.d0  -2.77777778d-4
923.d0  -2.77777778d-4
924.d0  -2.77777778d-4
925.d0  -2.77777778d-4
926.d0  -2.77777778d-4
927.d0  -2.77777778d-4
928.d0  -2.77777778d-4
929.d0  -2.77777778d-4
930.d0  -2.77777778d-4
931.d0  -2.77777778d-4
932.d0  -2.77777778d-4
933.d0  -2.77777778d-4
934.d0  -2.77777778d-4
935.d0  -2.77777778d-4
936.d0  -2.77777778d-4
937.d0  -2.77777778d-4
938.d0  -2.77777778d-4
939.d0  -2.77777778d-4
940.d0  -2.77777778d-4
941.d0  -2.77777778d-4
942.d0  -2.77777778d-4
943.d0  -2.77777778d-4
944.d0  -2.77777778d-4
945.d0  -2.77777778d-4
946.d0  -2.77777778d-4
947.d0  -2.77777778d-4
948.d0  -2.77777778d-4
949.d0  -2.77777778d-4
950.d0  -2.77777778d-4
951.d0  -2.77777778d-4
952.d0  -2.77777778d-4
953.d0  -2.77777778d-4
954.d0  -2.77777778d-4
955.d0  -2.77777778d-4
956.d0  -2.77777778d-4
957.d0  -2.77777778d-4
958.d0  -2.77777778d-4
959.d0  -2.77777778d-4
960.d0  -2.77777778d-4
961.d0  -2.77777778d-4
962.d0  -2.77777778d-4
963.d0  -2.77777778d-4
964.d0  -2.77777778d-4
965.d0  -2.77777778d-4
966.d0  -2.77777778d-4
967.d0  -2.77777778d-4
968.d0  -2.77777778d-4
969.d0  -2.77777778d-4
970.d0  -2.77777778d-4
971.d0  -2.77777778d-4
972.d0  -2.77777778d-4
973.d0  -2.77777778d-4
974.d0  -2.77777778d-4
975.d0  -2.77777778d-4
976.d0  -2.77777778d-4
977.d0  -2.77777778d-4
978.d0  -2.77777778d-4
979.d0  -2.77777778d-4
980.d0  -2.77777778d-4
981.d0  -2.77777778d-4
982.d0  -2.77777778d-4
983.d0  -2.77777778d-4
984.d0  -2.77777778d-4
985.d0  -2.77777778d-4
986.d0  -2.77777778d-4
987.d0  -2.77777778d-4
988.d0  -2.77777778d-4
989.d0  -2.77777778d-4
990.d0  -2.77777778d-4
991.d0  -2.77777778d-4
992.d0  -2.77777778d-4
993.d0  -2.77777778d-4
994.d0  -2.77777778d-4
995.d0  -2.77777778d-4
996.d0  -2.77777778d-4
997.d0  -2.77777778d-4
998.d0  -2.77777778d-4
999.d0  -2.77777778d-4
1000.d0  -2.77777778d-4
1001.d0  -2.77777778d-4
1002.d0  -2.77777778d-4
1003.d0  -2.77777778d-4
1004.d0  -2.77777778d-4
1005.d0  -2.77777778d-4
1006.d0  -2.77777778d-4
1007.d0  -2.77777778d-4
1008.d0  -2.77777778d-4
1009.d0  -2.77777778d-4
1010.d0  -2.77777778d-4
1011.d0  -2.77777778d-4
1012.d0  -2.77777778d-4
1013.d0  -2.77777778d-4
1014.d0  -2.77777778d-4
1015.d0  -2.77777778d-4
1016.d0  -2.77777778d-4
1017.d0  -2.77777778d-4
1018.d0  -2.77777778d-4
1019.d0  -2.77777778d-4
1020.d0  -2.77777778d-4
1021.d0  -2.77777778d-4
1022.d0  -2.77777778d-4
1023.d0  -2.77777778d-4
1024.d0  -2.77777778d-4
1025.d0  -2.77777778d-4
1026.d0  -2.77777778d-4
1027.d0  -2.77777778d-4
1028.d0  -2.77777778d-4
1029.d0  -2.77777778d-4
1030.d0  -2.77777778d-4
1031.d0  -2.77777778d-4
1032.d0  -2.77777778d-4
1033.d0  -2.77777778d-4
1034.d0  -2.77777778d-4
1035.d0  -2.77777778d-4
1036.d0  -2.77777778d-4
1037.d0  -2.77777778d-4
1038.d0  -2.77777778d-4
1039.d0  -2.77777778d-4
1040.d0  -2.77777778d-4
1041.d0  -2.77777778d-4
1042.d0  -2.77777778d-4
1043.d0  -2.77777778d-4
1044.d0  -2.77777778d-4
1045.d0  -2.77777778d-4
1046.d0  -2.77777778d-4
1047.d0  -2.77777778d-4
1048.d0  -2.77777778d-4
1049.d0  -2.77777778d-4
1050.d0  -2.77777778d-4
1051.d0  -2.77777778d-4
1052.d0  -2.77777778d-4
1053.d0  -2.77777778d-4
1054.d0  -2.77777778d-4
1055.d0  -2.77777778d-4
1056.d0  -2.77777778d-4
1057.d0  -2.77777778d-4
1058.d0  -2.77777778d-4
1059.d0  -2.77777778d-4
1060.d0  -2.77777778d-4
1061.d0  -2.77777778d-4
1062.d0  -2.77777778d-4
1063.d0  -2.77777778d-4
1064.d0  -2.77777778d-4
1065.d0  -2.77777778d-4
1066.d0  -2.77777778d-4
1067.d0  -2.77777778d-4
1068.d0  -2.77777778d-4
1069.d0  -2.77777778d-4
1070.d0  -2.77777778d-4
1071.d0  -2.77777778d-4
1072.d0  -2.77777778d-4
1073.d0  -2.77777778d-4
1074.d0  -2.77777778d-4
1075.d0  -2.77777778d-4
1076.d0  -2.77777778d-4
1077.d0  -2.77777778d-4
1078.d0  -2.77777778d-4
1079.d0  -2.77777778d-4
1080.d0  -2.77777778d-4
1081.d0  -2.77777778d-4
1082.d0  -2.77777778d-4
1083.d0  -2.77777778d-4
1084.d0  -2.77777778d-4
1085.d0  -2.77777778d-4
1086.d0  -2.77777778d-4
1087.d0  -2.77777778d-4
1088.d0  -2.77777778d-4
1089.d0  -2.77777778d-4
1090.d0  -2.77777778d-4
1091.d0  -2.77777778d-4
1092.d0  -2.77777778d-4
1093.d0  -2.77777778d-4
1094.d0  -2.77777778d-4
1095.d0  -2.77777778d-4
1096.d0  -2.77777778d-4
1097.d0  -2.77777778d-4
1098.d0  -2.77777778d-4
1099.d0  -2.77777778d-4
1100.d0  -2.77777778d-4
1101.d0  -2.77777778d-4
1102.d0  -2.77777778d-4
1103.d0  -2.77777778d-4
1104.d0  -2.77777778d-4
1105.d0  -2.77777778d-4
1106.d0  -2.77777778d-4
1107.d0  -2.77777778d-4
1108.d0  -2.77777778d-4
1109.d0  -2.77777778d-4
1110.d0  -2.77777778d-4
1111.d0  -2.77777778d-4
1112.d0  -2.77777778d-4
1113.d0  -2.77777778d-4
1114.d0  -2.77777778d-4
1115.d0  -2.77777778d-4
1116.d0  -2.77777778d-4
1117.d0  -2.77777778d-4
1118.d0  -2.77777778d-4
1119.d0  -2.77777778d-4
1120.d0  -2.77777778d-4
1121.d0  -2.77777778d-4
1122.d0  -2.77777778d-4
1123.d0  -2.77777778d-4
1124.d0  -2.77777778d-4
1125.d0  -2.77777778d-4
1126.d0  -2.77777778d-4
1127.d0  -2.77777778d-4
1128.d0  -2.77777778d-4
1129.d0  -2.77777778d-4
1130.d0  -2.77777778d-4
1131.d0  -2.77777778d-4
1132.d0  -2.77777778d-4
1133.d0  -2.77777778d-4
1134.d0  -2.77777778d-4
1135.d0  -2.77777778d-4
1136.d0  -2.77777778d-4
1137.d0  -2.77777778d-4
1138.d0  -2.77777778d-4
1139.d0  -2.77777778d-4
1140.d0  -2.77777778d-4
1141.d0  -2.77777778d-4
1142.d0  -2.77777778d-4
1143.d0  -2.77777778d-4
1144.d0  -2.77777778d-4
1145.d0  -2.77777778d-4
1146.d0  -2.77777778d-4
1147.d0  -2.77777778d-4
1148.d0  -2.77777778d-4
1149.d0  -2.77777778d-4
1150.d0  -2.77777778d-4
1151.d0  -2.77777778d-4
1152.d0  -2.77777778d-4
1153.d0  -2.77777778d-4
1154.d0  -2.77777778d-4
1155.d0  -2.77777778d-4
1156.d0  -2.77777778d-4
1157.d0  -2.77777778d-4
1158.d0  -2.77777778d-4
1159.d0  -2.77777778d-4
1160.d0  -2.77777778d-4
1161.d0  -2.77777778d-4
1162.d0  -2.77777778d-4
1163.d0  -2.77777778d-4
1164.d0  -2.77777778d-4
1165.d0  -2.77777778d-4
1166.d0  -2.77777778d-4
1167.d0  -2.77777778d-4
1168.d0  -2.77777778d-4
1169.d0  -2.77777778d-4
1170.d0  -2.77777778d-4
1171.d0  -2.77777778d-4
1172.d0  -2.77777778d-4
1173.d0  -2.77777778d-4
1174.d0  -2.77777778d-4
1175.d0  -2.77777778d-4
1176.d0  -2.77777778d-4
1177.d0  -2.77777778d-4
1178.d0  -2.77777778d-4
1179.d0  -2.77777778d-4
1180.d0  -2.77777778d-4
1181.d0  -2.77777778d-4
1182.d0  -2.77777778d-4
1183.d0  -2.77777778d-4
1184.d0  -2.77777778d-4
1185.d0  -2.77777778d-4
1186.d0  -2.77777778d-4
1187.d0  -2.77777778d-4
1188.d0  -2.77777778d-4
1189.d0  -2.77777778d-4
1190.d0  -2.77777778d-4
1191.d0  -2.77777778d-4
1192.d0  -2.77777778d-4
1193.d0  -2.77777778d-4
1194.d0  -2.77777778d-4
1195.d0  -2.77777778d-4
1196.d0  -2.77777778d-4
1197.d0  -2.77777778d-4
1198.d0  -2.77777778d-4
1199.d0  -2.77777778d-4
1200.d0  -2.77777778d-4
1201.d0  -2.77777778d-4
1202.d0  -2.77777778d-4
1203.d0  -2.77777778d-4
1204.d0  -2.77777778d-4
1205.d0  -2.77777778d-4
1206.d0  -2.77777778d-4
1207.d0  -2.77777778d-4
1208.d0  -2.77777778d-4
1209.d0  -2.77777778d-4
1210.d0  -2.77777778d-4
1211.d0  -2.77777778d-4
1212.d0  -2.77777778d-4
1213.d0  -2.77777778d-4
1214.d0  -2.77777778d-4
1215.d0  -2.77777778d-4
1216.d0  -2.77777778d-4
1217.d0  -2.77777778d-4
1218.d0  -2.77777778d-4
1219.d0  -2.77777778d-4
1220.d0  -2.77777778d-4
1221.d0  -2.77777778d-4
1222.d0  -2.77777778d-4
1223.d0  -2.77777778d-4
1224.d0  -2.77777778d-4
1225.d0  -2.77777778d-4
1226.d0  -2.77777778d-4
1227.d0  -2.77777778d-4
1228.d0  -2.77777778d-4
1229.d0  -2.77777778d-4
1230.d0  -2.77777778d-4
1231.d0  -2.77777778d-4
1232.d0  -2.77777778d-4
1233.d0  -2.77777778d-4
1234.d0  -2.77777778d-4
1235.d0  -2.77777778d-4
1236.d0  -2.77777778d-4
1237.d0  -2.77777778d-4
1238.d0  -2.77777778d-4
1239.d0  -2.77777778d-4
1240.d0  -2.77777778d-4
1241.d0  -2.77777778d-4
1242.d0  -2.77777778d-4
1243.d0  -2.77777778d-4
1244.d0  -2.77777778d-4
1245.d0  -2.77777778d-4
1246.d0  -2.77777778d-4
1247.d0  -2.77777778d-4
1248.d0  -2.77777778d-4
1249.d0  -2.77777778d-4
1250.d0  -2.77777778d-4
1251.d0  -2.77777778d-4
1252.d0  -2.77777778d-4
1253.d0  -2.77777778d-4
1254.d0  -2.77777778d-4
1255.d0  -2.77777778d-4
1256.d0  -2.77777778d-4
1257.d0  -2.77777778d-4
1258.d0  -2.77777778d-4
1259.d0  -2.77777778d-4
1260.d0  -2.77777778d-4
1261.d0  -2.77777778d-4
1262.d0  -2.77777778d-4
1263.d0  -2.77777778d-4
1264.d0  -2.77777778d-4
1265.d0  -2.77777778d-4
1266.d0  -2.77777778d-4
1267.d0  -2.77777778d-4
1268.d0  -2.77777778d-4
1269.d0  -2.77777778d-4
1270.d0  -2.77777778d-4
1271.d0  -2.77777778d-4
1272.d0  -2.77777778d-4
1273.d0  -2.77777778d-4
1274.d0  -2.77777778d-4
1275.d0  -2.77777778d-4
1276.d0  -2.77777778d-4
1277.d0  -2.77777778d-4
1278.d0  -2.77777778d-4
1279.d0  -2.77777778d-4
1280.d0  -2.77777778d-4
1281.d0  -2.77777778d-4
1282.d0  -2.77777778d-4
1283.d0  -2.77777778d-4
1284.d0  -2.77777778d-4
1285.d0  -2.77777778d-4
1286.d0  -2.77777778d-4
1287.d0  -2.77777778d-4
1288.d0  -2.77777778d-4
1289.d0  -2.77777778d-4
1290.d0  -2.77777778d-4
1291.d0  -2.77777778d-4
1292.d0  -2.77777778d-4
1293.d0  -2.77777778d-4
1294.d0  -2.77777778d-4
1295.d0  -2.77777778d-4
1296.d0  -2.77777778d-4
1297.d0  -2.77777778d-4
1298.d0  -2.77777778d-4
1299.d0  -2.77777778d-4
1300.d0  -2.77777778d-4
1301.d0  -2.77777778d-4
1302.d0  -2.77777778d-4
1303.d0  -2.77777778d-4
1304.d0  -2.77777778d-4
1305.d0  -2.77777778d-4
1306.d0  -2.77777778d-4
1307.d0  -2.77777778d-4
1308.d0  -2.77777778d-4
1309.d0  -2.77777778d-4
1310.d0  -2.77777778d-4
1311.d0  -2.77777778d-4
1312.d0  -2.77777778d-4
1313.d0  -2.77777778d-4
1314.d0  -2.77777778d-4
1315.d0  -2.77777778d-4
1316.d0  -2.77777778d-4
1317.d0  -2.77777778d-4
1318.d0  -2.77777778d-4
1319.d0  -2.77777778d-4
1320.d0  -2.77777778d-4
1321.d0  -2.77777778d-4
1322.d0  -2.77777778d-4
1323.d0  -2.77777778d-4
1324.d0  -2.77777778d-4
1325.d0  -2.77777778d-4
1326.d0  -2.77777778d-4
1327.d0  -2.77777778d-4
1328.d0  -2.77777778d-4
1329.d0  -2.77777778d-4
1330.d0  -2.77777778d-4
1331.d0  -2.77777778d-4
1332.d0  -2.77777778d-4
1333.d0  -2.77777778d-4
1334.d0  -2.77777778d-4
1335.d0  -2.77777778d-4
1336.d0  -2.77777778d-4
1337.d0  -2.77777778d-4
1338.d0  -2.77777778d-4
1339.d0  -2.77777778d-4
1340.d0  -2.77777778d-4
1341.d0  -2.77777778d-4
1342.d0  -2.77777778d-4
1343.d0  -2.77777778d-4
1344.d0  -2.77777778d-4
1345.d0  -2.77777778d-4
1346.d0  -2.77777778d-4
1347.d0  -2.77777778d-4
1348.d0  -2.77777778d-4
1349.d0  -2.77777778d-4
1350.d0  -2.77777778d-4
1351.d0  -2.77777778d-4
1352.d0  -2.77777778d-4
1353.d0  -2.77777778d-4
1354.d0  -2.77777778d-4
1355.d0  -2.77777778d-4
1356.d0  -2.77777778d-4
1357.d0  -2.77777778d-4
1358.d0  -2.77777778d-4
1359.d0  -2.77777778d-4
1360.d0  -2.77777778d-4
1361.d0  -2.77777778d-4
1362.d0  -2.77777778d-4
1363.d0  -2.77777778d-4
1364.d0  -2.77777778d-4
1365.d0  -2.77777778d-4
1366.d0  -2.77777778d-4
1367.d0  -2.77777778d-4
1368.d0  -2.77777778d-4
1369.d0  -2.77777778d-4
1370.d0  -2.77777778d-4
1371.d0  -2.77777778d-4
1372.d0  -2.77777778d-4
1373.d0  -2.77777778d-4
1374.d0  -2.77777778d-4
1375.d0  -2.77777778d-4
1376.d0  -2.77777778d-4
1377.d0  -2.77777778d-4
1378.d0  -2.77777778d-4
1379.d0  -2.77777778d-4
1380.d0  -2.77777778d-4
1381.d0  -2.77777778d-4
1382.d0  -2.77777778d-4
1383.d0  -2.77777778d-4
1384.d0  -2.77777778d-4
1385.d0  -2.77777778d-4
1386.d0  -2.77777778d-4
1387.d0  -2.77777778d-4
1388.d0  -2.77777778d-4
1389.d0  -2.77777778d-4
1390.d0  -2.77777778d-4
1391.d0  -2.77777778d-4
1392.d0  -2.77777778d-4
1393.d0  -2.77777778d-4
1394.d0  -2.77777778d-4
1395.d0  -2.77777778d-4
1396.d0  -2.77777778d-4
1397.d0  -2.77777778d-4
1398.d0  -2.77777778d-4
1399.d0  -2.77777778d-4
1400.d0  -2.77777778d-4
1401.d0  -2.77777778d-4
1402.d0  -2.77777778d-4
1403.d0  -2.77777778d-4
1404.d0  -2.77777778d-4
1405.d0  -2.77777778d-4
1406.d0  -2.77777778d-4
1407.d0  -2.77777778d-4
1408.d0  -2.77777778d-4
1409.d0  -2.77777778d-4
1410.d0  -2.77777778d-4
1411.d0  -2.77777778d-4
1412.d0  -2.77777778d-4
1413.d0  -2.77777778d-4
1414.d0  -2.77777778d-4
1415.d0  -2.77777778d-4
1416.d0  -2.77777778d-4
1417.d0  -2.77777778d-4
1418.d0  -2.77777778d-4
1419.d0  -2.77777778d-4
1420.d0  -2.77777778d-4
1421.d0  -2.77777778d-4
1422.d0  -2.77777778d-4
1423.d0  -2.77777778d-4
1424.d0  -2.77777778d-4
1425.d0  -2.77777778d-4
1426.d0  -2.77777778d-4
1427.d0  -2.77777778d-4
1428.d0  -2.77777778d-4
1429.d0  -2.77777778d-4
1430.d0  -2.77777778d-4
1431.d0  -2.77777778d-4
1432.d0  -2.77777778d-4
1433.d0  -2.77777778d-4
1434.d0  -2.77777778d-4
1435.d0  -2.77777778d-4
1436.d0  -2.77777778d-4
1437.d0  -2.77777778d-4
1438.d0  -2.77777778d-4
1439.d0  -2.77777778d-4
1440.d0  -2.77777778d-4
1441.d0  -2.77777778d-4
1442.d0  -2.77777778d-4
1443.d0  -2.77777778d-4
1444.d0  -2.77777778d-4
1445.d0  -2.77777778d-4
1446.d0  -2.77777778d-4
1447.d0  -2.77777778d-4
1448.d0  -2.77777778d-4
1449.d0  -2.77777778d-4
1450.d0  -2.77777778d-4
1451.d0  -2.77777778d-4
1452.d0  -2.77777778d-4
1453.d0  -2.77777778d-4
1454.d0  -2.77777778d-4
1455.d0  -2.77777778d-4
1456.d0  -2.77777778d-4
1457.d0  -2.77777778d-4
1458.d0  -2.77777778d-4
1459.d0  -2.77777778d-4
1460.d0  -2.77777778d-4
1461.d0  -2.77777778d-4
1462.d0  -2.77777778d-4
1463.d0  -2.77777778d-4
1464.d0  -2.77777778d-4
1465.d0  -2.77777778d-4
1466.d0  -2.77777778d-4
1467.d0  -2.77777778d-4
1468.d0  -2.77777778d-4
1469.d0  -2.77777778d-4
1470.d0  -2.77777778d-4
1471.d0  -2.77777778d-4
1472.d0  -2.77777778d-4
1473.d0  -2.77777778d-4
1474.d0  -2.77777778d-4
1475.d0  -2.77777778d-4
1476.d0  -2.77777778d-4
1477.d0  -2.77777778d-4
1478.d0  -2.77777778d-4
1479.d0  -2.77777778d-4
1480.d0  -2.77777778d-4
1481.d0  -2.77777778d-4
1482.d0  -2.77777778d-4
1483.d0  -2.77777778d-4
1484.d0  -2.77777778d-4
1485.d0  -2.77777778d-4
1486.d0  -2.77777778d-4
1487.d0  -2.77777778d-4
1488.d0  -2.77777778d-4
1489.d0  -2.77777778d-4
1490.d0  -2.77777778d-4
1491.d0  -2.77777778d-4
1492.d0  -2.77777778d-4
1493.d0  -2.77777778d-4
1494.d0  -2.77777778d-4
1495.d0  -2.77777778d-4
1496.d0  -2.77777778d-4
1497.d0  -2.77777778d-4
1498.d0  -2.77777778d-4
1499.d0  -2.77777778d-4
1500.d0  -2.77777778d-4
1501.d0  -2.77777778d-4
1502.d0  -2.77777778d-4
1503.d0  -2.77777778d-4
1504.d0  -2.77777778d-4
1505.d0  -2.77777778d-4
1506.d0  -2.77777778d-4
1507.d0  -2.77777778d-4
1508.d0  -2.77777778d-4
1509.d0  -2.77777778d-4
1510.d0  -2.77777778d-4
1511.d0  -2.77777778d-4
1512.d0  -2.77777778d-4
1513.d0  -2.77777778d-4
1514.d0  -2.77777778d-4
1515.d0  -2.77777778d-4
1516.d0  -2.77777778d-4
1517.d0  -2.77777778d-4
1518.d0  -2.77777778d-4
1519.d0  -2.77777778d-4
1520.d0  -2.77777778d-4
1521.d0  -2.77777778d-4
1522.d0  -2.77777778d-4
1523.d0  -2.77777778d-4
1524.d0  -2.77777778d-4
1525.d0  -2.77777778d-4
1526.d0  -2.77777778d-4
1527.d0  -2.77777778d-4
1528.d0  -2.77777778d-4
1529.d0  -2.77777778d-4
1530.d0  -2.77777778d-4
1531.d0  -2.77777778d-4
1532.d0  -2.77777778d-4
1533.d0  -2.77777778d-4
1534.d0  -2.77777778d-4
1535.d0  -2.77777778d-4
1536.d0  -2.77777778d-4
1537.d0  -2.77777778d-4
1538.d0  -2.77777778d-4
1539.d0  -2.77777778d-4
1540.d0  -2.77777778d-4
1541.d0  -2.77777778d-4
1542.d0  -2.77777778d-4
1543.d0  -2.77777778d-4
1544.d0  -2.77777778d-4
1545.d0  -2.77777778d-4
1546.d0  -2.77777778d-4
1547.d0  -2.77777778d-4
1548.d0  -2.77777778d-4
1549.d0  -2.77777778d-4
1550.d0  -2.77777778d-4
1551.d0  -2.77777778d-4
1552.d0  -2.77777778d-4
1553.d0  -2.77777778d-4
1554.d0  -2.77777778d-4
1555.d0  -2.77777778d-4
1556.d0  -2.77777778d-4
1557.d0  -2.77777778d-4
1558.d0  -2.77777778d-4
1559.d0  -2.77777778d-4
1560.d0  -2.77777778d-4
1561.d0  -2.77777778d-4
1562.d0  -2.77777778d-4
1563.d0  -2.77777778d-4
1564.d0  -2.77777778d-4
1565.d0  -2.77777778d-4
1566.d0  -2.77777778d-4
1567.d0  -2.77777778d-4
1568.d0  -2.77777778d-4
1569.d0  -2.77777778d-4
1570.d0  -2.77777778d-4
1571.d0  -2.77777778d-4
1572.d0  -2.77777778d-4
1573.d0  -2.77777778d-4
1574.d0  -2.77777778d-4
1575.d0  -2.77777778d-4
1576.d0  -2.77777778d-4
1577.d0  -2.77777778d-4
1578.d0  -2.77777778d-4
1579.d0  -2.77777778d-4
1580.d0  -2.77777778d-4
1581.d0  -2.77777778d-4
1582.d0  -2.77777778d-4
1583.d0  -2.77777778d-4
1584.d0  -2.77777778d-4
1585.d0  -2.77777778d-4
1586.d0  -2.77777778d-4
1587.d0  -2.77777778d-4
1588.d0  -2.77777778d-4
1589.d0  -2.77777778d-4
1590.d0  -2.77777778d-4
1591.d0  -2.77777778d-4
1592.d0  -2.77777778d-4
1593.d0  -2.77777778d-4
1594.d0  -2.77777778d-4
1595.d0  -2.77777778d-4
1596.d0  -2.77777778d-4
1597.d0  -2.77777778d-4
1598.d0  -2.77777778d-4
1599.d0  -2.77777778d-4
1600.d0  -2.77777778d-4
1601.d0  -2.77777778d-4
1602.d0  -2.77777778d-4
1603.d0  -2.77777778d-4
1604.d0  -2.77777778d-4
1605.d0  -2.77777778d-4
1606.d0  -2.77777778d-4
1607.d0  -2.77777778d-4
1608.d0  -2.77777778d-4
1609.d0  -2.77777778d-4
1610.d0  -2.77777778d-4
1611.d0  -2.77777778d-4
1612.d0  -2.77777778d-4
1613.d0  -2.77777778d-4
1614.d0  -2.77777778d-4
1615.d0  -2.77777778d-4
1616.d0  -2.77777778d-4
1617.d0  -2.77777778d-4
1618.d0  -2.77777778d-4
1619.d0  -2.77777778d-4
1620.d0  -2.77777778d-4
1621.d0  -2.77777778d-4
1622.d0  -2.77777778d-4
1623.d0  -2.77777778d-4
1624.d0  -2.77777778d-4
1625.d0  -2.77777778d-4
1626.d0  -2.77777778d-4
1627.d0  -2.77777778d-4
1628.d0  -2.77777778d-4
1629.d0  -2.77777778d-4
1630.d0  -2.77777778d-4
1631.d0  -2.77777778d-4
1632.d0  -2.77777778d-4
1633.d0  -2.77777778d-4
1634.d0  -2.77777778d-4
1635.d0  -2.77777778d-4
1636.d0  -2.77777778d-4
1637.d0  -2.77777778d-4
1638.d0  -2.77777778d-4
1639.d0  -2.77777778d-4
1640.d0  -2.77777778d-4
1641.d0  -2.77777778d-4
1642.d0  -2.77777778d-4
1643.d0  -2.77777778d-4
1644.d0  -2.77777778d-4
1645.d0  -2.77777778d-4
1646.d0  -2.77777778d-4
1647.d0  -2.77777778d-4
1648.d0  -2.77777778d-4
1649.d0  -2.77777778d-4
1650.d0  -2.77777778d-4
1651.d0  -2.77777778d-4
1652.d0  -2.77777778d-4
1653.d0  -2.77777778d-4
1654.d0  -2.77777778d-4
1655.d0  -2.77777778d-4
1656.d0  -2.77777778d-4
1657.d0  -2.77777778d-4
1658.d0  -2.77777778d-4
1659.d0  -2.77777778d-4
1660.d0  -2.77777778d-4
1661.d0  -2.77777778d-4
1662.d0  -2.77777778d-4
1663.d0  -2.77777778d-4
1664.d0  -2.77777778d-4
1665.d0  -2.77777778d-4
1666.d0  -2.77777778d-4
1667.d0  -2.77777778d-4
1668.d0  -2.77777778d-4
1669.d0  -2.77777778d-4
1670.d0  -2.77777778d-4
1671.d0  -2.77777778d-4
1672.d0  -2.77777778d-4
1673.d0  -2.77777778d-4
1674.d0  -2.77777778d-4
1675.d0  -2.77777778d-4
1676.d0  -2.77777778d-4
1677.d0  -2.77777778d-4
1678.d0  -2.77777778d-4
1679.d0  -2.77777778d-4
1680.d0  -2.77777778d-4
1681.d0  -2.77777778d-4
1682.d0  -2.77777778d-4
1683.d0  -2.77777778d-4
1684.d0  -2.77777778d-4
1685.d0  -2.77777778d-4
1686.d0  -2.77777778d-4
1687.d0  -2.77777778d-4
1688.d0  -2.77777778d-4
1689.d0  -2.77777778d-4
1690.d0  -2.77777778d-4
1691.d0  -2.77777778d-4
1692.d0  -2.77777778d-4
1693.d0  -2.77777778d-4
1694.d0  -2.77777778d-4
1695.d0  -2.77777778d-4
1696.d0  -2.77777778d-4
1697.d0  -2.77777778d-4
1698.d0  -2.77777778d-4
1699.d0  -2.77777778d-4
1700.d0  -2.77777778d-4
1701.d0  -2.77777778d-4
1702.d0  -2.77777778d-4
1703.d0  -2.77777778d-4
1704.d0  -2.77777778d-4
1705.d0  -2.77777778d-4
1706.d0  -2.77777778d-4
1707.d0  -2.77777778d-4
1708.d0  -2.77777778d-4
1709.d0  -2.77777778d-4
1710.d0  -2.77777778d-4
1711.d0  -2.77777778d-4
1712.d0  -2.77777778d-4
1713.d0  -2.77777778d-4
1714.d0  -2.77777778d-4
1715.d0  -2.77777778d-4
1716.d0  -2.77777778d-4
1717.d0  -2.77777778d-4
1718.d0  -2.77777778d-4
1719.d0  -2.77777778d-4
1720.d0  -2.77777778d-4
1721.d0  -2.77777778d-4
1722.d0  -2.77777778d-4
1723.d0  -2.77777778d-4
1724.d0  -2.77777778d-4
1725.d0  -2.77777778d-4
1726.d0  -2.77777778d-4
1727.d0  -2.77777778d-4
1728.d0  -2.77777778d-4
1729.d0  -2.77777778d-4
1730.d0  -2.77777778d-4
1731.d0  -2.77777778d-4
1732.d0  -2.77777778d-4
1733.d0  -2.77777778d-4
1734.d0  -2.77777778d-4
1735.d0  -2.77777778d-4
1736.d0  -2.77777778d-4
1737.d0  -2.77777778d-4
1738.d0  -2.77777778d-4
1739.d0  -2.77777778d-4
1740.d0  -2.77777778d-4
1741.d0  -2.77777778d-4
1742.d0  -2.77777778d-4
1743.d0  -2.77777778d-4
1744.d0  -2.77777778d-4
1745.d0  -2.77777778d-4
1746.d0  -2.77777778d-4
1747.d0  -2.77777778d-4
1748.d0  -2.77777778d-4
1749.d0  -2.77777778d-4
1750.d0  -2.77777778d-4
1751.d0  -2.77777778d-4
1752.d0  -2.77777778d-4
1753.d0  -2.77777778d-4
1754.d0  -2.77777778d-4
1755.d0  -2.77777778d-4
1756.d0  -2.77777778d-4
1757.d0  -2.77777778d-4
1758.d0  -2.77777778d-4
1759.d0  -2.77777778d-4
1760.d0  -2.77777778d-4
1761.d0  -2.77777778d-4
1762.d0  -2.77777778d-4
1763.d0  -2.77777778d-4
1764.d0  -2.77777778d-4
1765.d0  -2.77777778d-4
1766.d0  -2.77777778d-4
1767.d0  -2.77777778d-4
1768.d0  -2.77777778d-4
1769.d0  -2.77777778d-4
1770.d0  -2.77777778d-4
1771.d0  -2.77777778d-4
1772.d0  -2.77777778d-4
1773.d0  -2.77777778d-4
1774.d0  -2.77777778d-4
1775.d0  -2.77777778d-4
1776.d0  -2.77777778d-4
1777.d0  -2.77777778d-4
1778.d0  -2.77777778d-4
1779.d0  -2.77777778d-4
1780.d0  -2.77777778d-4
1781.d0  -2.77777778d-4
1782.d0  -2.77777778d-4
1783.d0  -2.77777778d-4
1784.d0  -2.77777778d-4
1785.d0  -2.77777778d-4
1786.d0  -2.77777778d-4
1787.d0  -2.77777778d-4
1788.d0  -2.77777778d-4
1789.d0  -2.77777778d-4
1790.d0  -2.77777778d-4
1791.d0  -2.77777778d-4
1792.d0  -2.77777778d-4
1793.d0  -2.77777778d-4
1794.d0  -2.77777778d-4
1795.d0  -2.77777778d-4
1796.d0  -2.77777778d-4
1797.d0  -2.77777778d-4
1798.d0  -2.77777778d-4
1799.d0  -2.77777778d-4
1800.d0  -2.77777778d-4
1801.d0  -2.77777778d-4
1802.d0  -2.77777778d-4
1803.d0  -2.77777778d-4
1804.d0  -2.77777778d-4
1805.d0  -2.77777778d-4
1806.d0  -2.77777778d-4
1807.d0  -2.77777778d-4
1808.d0  -2.77777778d-4
1809.d0  -2.77777778d-4
1810.d0  -2.77777778d-4
1811.d0  -2.77777778d-4
1812.d0  -2.77777778d-4
1813.d0  -2.77777778d-4
1814.d0  -2.77777778d-4
1815.d0  -2.77777778d-4
1816.d0  -2.77777778d-4
1817.d0  -2.77777778d-4
1818.d0  -2.77777778d-4
1819.d0  -2.77777778d-4
1820.d0  -2.77777778d-4
1821.d0  -2.77777778d-4
1822.d0  -2.77777778d-4
1823.d0  -2.77777778d-4
1824.d0  -2.77777778d-4
1825.d0  -2.77777778d-4
1826.d0  -2.77777778d-4
1827.d0  -2.77777778d-4
1828.d0  -2.77777778d-4
1829.d0  -2.77777778d-4
1830.d0  -2.77777778d-4
1831.d0  -2.77777778d-4
1832.d0  -2.77777778d-4
1833.d0  -2.77777778d-4
1834.d0  -2.77777778d-4
1835.d0  -2.77777778d-4
1836.d0  -2.77777778d-4
1837.d0  -2.77777778d-4
1838.d0  -2.77777778d-4
1839.d0  -2.77777778d-4
1840.d0  -2.77777778d-4
1841.d0  -2.77777778d-4
1842.d0  -2.77777778d-4
1843.d0  -2.77777778d-4
1844.d0  -2.77777778d-4
1845.d0  -2.77777778d-4
1846.d0  -2.77777778d-4
1847.d0  -2.77777778d-4
1848.d0  -2.77777778d-4
1849.d0  -2.77777778d-4
1850.d0  -2.77777778d-4
1851.d0  -2.77777778d-4
1852.d0  -2.77777778d-4
1853.d0  -2.77777778d-4
1854.d0  -2.77777778d-4
1855.d0  -2.77777778d-4
1856.d0  -2.77777778d-4
1857.d0  -2.77777778d-4
1858.d0  -2.77777778d-4
1859.d0  -2.77777778d-4
1860.d0  -2.77777778d-4
1861.d0  -2.77777778d-4
1862.d0  -2.77777778d-4
1863.d0  -2.77777778d-4
1864.d0  -2.77777778d-4
1865.d0  -2.77777778d-4
1866.d0  -2.77777778d-4
1867.d0  -2.77777778d-4
1868.d0  -2.77777778d-4
1869.d0  -2.77777778d-4
1870.d0  -2.77777778d-4
1871.d0  -2.77777778d-4
1872.d0  -2.77777778d-4
1873.d0  -2.77777778d-4
1874.d0  -2.77777778d-4
1875.d0  -2.77777778d-4
1876.d0  -2.77777778d-4
1877.d0  -2.77777778d-4
1878.d0  -2.77777778d-4
1879.d0  -2.77777778d-4
1880.d0  -2.77777778d-4
1881.d0  -2.77777778d-4
1882.d0  -2.77777778d-4
1883.d0  -2.77777778d-4
1884.d0  -2.77777778d-4
1885.d0  -2.77777778d-4
1886.d0  -2.77777778d-4
1887.d0  -2.77777778d-4
1888.d0  -2.77777778d-4
1889.d0  -2.77777778d-4
1890.d0  -2.77777778d-4
1891.d0  -2.77777778d-4
1892.d0  -2.77777778d-4
1893.d0  -2.77777778d-4
1894.d0  -2.77777778d-4
1895.d0  -2.77777778d-4
1896.d0  -2.77777778d-4
1897.d0  -2.77777778d-4
1898.d0  -2.77777778d-4
1899.d0  -2.77777778d-4
1900.d0  -2.77777778d-4