: Source File - D:\aRoot\mRootRhizo\tRIBSVEGGIE_files\UMBS_NetPPT_file_hourly.dat
:
: Start Date - 
: End Date - 
: Time Increment - 1hr
:
: Data - Time(seconds) Recharge (m/s)
: Time[s]	m/s
0	0
3600	0
7200	0
10800	0
14400	0
18000	0
21600	0
25200	0
28800	0
32400	0
36000	0
39600	0
43200	3.04672E-07
46800	0
50400	0
54000	0
57600	0
61200	0
64800	0
68400	0
72000	0
75600	0
79200	0
82800	0
86400	0
90000	0
93600	0
97200	0
100800	0
104400	0
108000	0
111600	0
115200	0
118800	0
122400	0
126000	0
129600	0
133200	0
136800	0
140400	0
144000	0
147600	0
151200	0
154800	0
158400	0
162000	3.04672E-07
165600	4.94854E-07
169200	4.68935E-07
172800	2.99268E-07
176400	2.65655E-07
180000	1.14781E-06
183600	1.1916E-06
187200	6.12267E-07
190800	2.71562E-07
194400	2.08155E-07
198000	1.58751E-07
201600	1.37043E-07
205200	8.68047E-08
208800	5.41139E-08
212400	1.37936E-08
216000	3.83333E-10
219600	0
223200	0
226800	0
230400	1.77963E-06
234000	3.02035E-07
237600	4.39417E-08
241200	1.03806E-08
244800	2.73917E-09
248400	1.28194E-09
252000	1.165E-09
255600	9.925E-10
259200	0
262800	0
266400	0
270000	0
273600	0
277200	0
280800	0
284400	0
288000	0
291600	0
295200	0
298800	0
302400	0
306000	0
309600	0
313200	0
316800	0
320400	0
324000	0
327600	0
331200	0
334800	0
338400	0
342000	0
345600	0
349200	0
352800	0
356400	0
360000	0
363600	0
367200	0
370800	0
374400	0
378000	0
381600	0
385200	0
388800	0
392400	0
396000	0
399600	2.01561E-07
403200	2.83771E-07
406800	6.95614E-08
410400	1.56861E-08
414000	1.12482E-07
417600	9.55289E-08
421200	1.06687E-06
424800	2.63206E-06
428400	2.67689E-06
432000	2.45334E-07
435600	4.69367E-08
439200	2.76186E-08
442800	1.79661E-08
446400	1.18703E-08
450000	7.84556E-09
453600	6.23083E-09
457200	4.6375E-09
460800	3.40222E-09
464400	2.65333E-09
468000	1.25083E-09
471600	3.725E-10
475200	0
478800	0
482400	0
486000	0
489600	0
493200	0
496800	0
500400	0
504000	0
507600	0
511200	0
514800	0
518400	0
522000	0
525600	0
529200	0
532800	0
536400	0
540000	0
543600	0
547200	0
550800	0
554400	0
558000	0
561600	0
565200	0
568800	0
572400	0
576000	0
579600	0
583200	0
586800	0
590400	0
594000	0
597600	0
601200	0
604800	0
608400	0
612000	2.63508E-08
615600	1.159E-08
619200	6.10444E-09
622800	3.68417E-09
626400	1.64972E-09
630000	3.12222E-10
633600	0
637200	0
640800	0
644400	0
648000	0
651600	0
655200	0
658800	0
662400	0
666000	0
669600	0
673200	0
676800	0
680400	0
684000	0
687600	0
691200	0
694800	0
698400	0
702000	0
705600	0
709200	0
712800	0
716400	0
720000	0
723600	0
727200	0
730800	0
734400	0
738000	0
741600	0
745200	0
748800	4.05969E-08
752400	3.51306E-09
756000	0
759600	1.17504E-07
763200	5.70256E-08
766800	1.11318E-07
770400	5.89728E-08
774000	2.42914E-08
777600	5.80917E-08
781200	1.25337E-07
784800	8.61067E-07
788400	1.86385E-06
792000	3.34414E-06
795600	3.01151E-07
799200	1.31579E-07
802800	6.40536E-08
806400	3.28581E-08
810000	7.28442E-08
813600	1.03346E-07
817200	7.93503E-08
820800	8.24175E-08
824400	2.79044E-08
828000	7.54278E-09
831600	1.72E-09
835200	1.84167E-10
838800	0
842400	0
846000	0
849600	0
853200	0
856800	0
860400	0
864000	0
867600	0
871200	0
874800	0
878400	0
882000	0
885600	0
889200	0
892800	0
896400	0
900000	0
903600	0
907200	0
910800	0
914400	0
918000	0
921600	0
925200	0
928800	0
932400	0
936000	0
939600	0
943200	0
946800	0
950400	0
954000	0
957600	0
961200	0
964800	0
968400	0
972000	0
975600	0
979200	0
982800	0
986400	0
990000	0
993600	0
997200	0
1000800	0
1004400	0
1008000	0
1011600	0
1015200	0
1018800	0
1022400	0
1026000	0
1029600	0
1033200	0
1036800	0
1040400	0
1044000	0
1047600	0
1051200	0
1054800	0
1058400	0
1062000	0
1065600	0
1069200	0
1072800	0
1076400	0
1080000	0
1083600	0
1087200	0
1090800	0
1094400	0
1098000	0
1101600	0
1105200	0
1108800	0
1112400	0
1116000	0
1119600	0
1123200	0
1126800	0
1130400	0
1134000	0
1137600	0
1141200	0
1144800	0
1148400	0
1152000	0
1155600	0
1159200	0
1162800	0
1166400	0
1170000	0
1173600	0
1177200	0
1180800	0
1184400	0
1188000	0
1191600	0
1195200	0
1198800	0
1202400	0
1206000	0
1209600	0
1213200	0
1216800	0
1220400	0
1224000	0
1227600	0
1231200	0
1234800	0
1238400	0
1242000	0
1245600	0
1249200	0
1252800	0
1256400	0
1260000	0
1263600	0
1267200	0
1270800	0
1274400	0
1278000	0
1281600	0
1285200	0
1288800	0
1292400	2.10173E-07
1296000	1.04866E-06
1299600	5.45388E-06
1303200	1.50425E-06
1306800	2.84005E-06
1310400	2.06826E-06
1314000	9.08013E-07
1317600	5.36881E-07
1321200	1.38629E-07
1324800	1.86212E-07
1328400	7.17111E-08
1332000	1.63981E-08
1335600	1.77972E-09
1339200	0
1342800	0
1346400	0
1350000	0
1353600	0
1357200	0
1360800	0
1364400	0
1368000	0
1371600	0
1375200	0
1378800	0
1382400	0
1386000	0
1389600	0
1393200	0
1396800	0
1400400	0
1404000	0
1407600	0
1411200	0
1414800	4.32486E-08
1418400	3.05725E-08
1422000	4.56025E-08
1425600	9.14639E-09
1429200	2.48572E-08
1432800	6.50806E-08
1436400	1.79194E-08
1440000	3.09917E-09
1443600	0
1447200	0
1450800	0
1454400	0
1458000	0
1461600	0
1465200	4.51703E-08
1468800	1.89686E-08
1472400	1.14969E-08
1476000	6.92583E-09
1479600	2.70889E-08
1483200	3.15386E-08
1486800	1.60239E-08
1490400	1.21239E-08
1494000	9.15361E-09
1497600	4.35528E-09
1501200	4.75278E-10
1504800	0
1508400	0
1512000	0
1515600	0
1519200	0
1522800	0
1526400	0
1530000	0
1533600	0
1537200	0
1540800	0
1544400	0
1548000	0
1551600	0
1555200	0
1558800	0
1562400	0
1566000	0
1569600	0
1573200	0
1576800	0
1580400	0
1584000	0
1587600	0
1591200	4.55253E-08
1594800	5.92585E-07
1598400	1.02923E-06
1602000	1.69608E-07
1605600	2.21114E-08
1609200	8.47222E-10
1612800	0
1616400	4.42711E-07
1620000	1.25857E-06
1623600	1.65609E-06
1627200	2.07011E-07
1630800	4.33283E-08
1634400	2.56503E-08
1638000	1.53403E-08
1641600	9.55417E-09
1645200	6.44056E-09
1648800	4.89111E-09
1652400	2.88821E-07
1656000	1.69863E-07
1659600	5.16419E-08
1663200	2.5085E-08
1666800	1.27375E-08
1670400	6.21306E-09
1674000	2.18111E-09
1677600	2.59722E-10
1681200	0
1684800	0
1688400	0
1692000	0
1695600	0
1699200	0
1702800	0
1706400	0
1710000	0
1713600	0
1717200	0
1720800	0
1724400	0
1728000	0
1731600	0
1735200	0
1738800	0
1742400	0
1746000	0
1749600	0
1753200	0
1756800	4.46719E-08
1760400	8.56989E-08
1764000	3.61672E-08
1767600	1.13011E-08
1771200	2.37556E-09
1774800	0
1778400	0
1782000	0
1785600	0
1789200	0
1792800	0
1796400	0
1800000	0
1803600	0
1807200	0
1810800	0
1814400	0
1818000	0
1821600	0
1825200	0
1828800	0
1832400	0
1836000	0
1839600	0
1843200	0
1846800	7.19934E-07
1850400	2.17336E-07
1854000	2.79486E-08
1857600	1.89167E-09
1861200	0
1864800	0
1868400	0
1872000	0
1875600	0
1879200	0
1882800	0
1886400	0
1890000	0
1893600	0
1897200	0
1900800	0
1904400	0
1908000	0
1911600	0
1915200	0
1918800	0
1922400	0
1926000	0
1929600	0
1933200	0
1936800	0
1940400	0
1944000	0
1947600	0
1951200	0
1954800	0
1958400	0
1962000	0
1965600	0
1969200	0
1972800	0
1976400	0
1980000	0
1983600	0
1987200	0
1990800	0
1994400	0
1998000	0
2001600	0
2005200	0
2008800	0
2012400	0
2016000	0
2019600	0
2023200	0
2026800	0
2030400	0
2034000	0
2037600	0
2041200	0
2044800	0
2048400	0
2052000	0
2055600	0
2059200	0
2062800	0
2066400	0
2070000	0
2073600	0
2077200	0
2080800	0
2084400	0
2088000	0
2091600	0
2095200	0
2098800	0
2102400	0
2106000	0
2109600	0
2113200	0
2116800	0
2120400	0
2124000	0
2127600	0
2131200	0
2134800	0
2138400	0
2142000	0
2145600	0
2149200	0
2152800	0
2156400	0
2160000	0
2163600	0
2167200	0
2170800	0
2174400	0
2178000	0
2181600	0
2185200	0
2188800	0
2192400	0
2196000	0
2199600	0
2203200	0
2206800	0
2210400	0
2214000	0
2217600	0
2221200	0
2224800	0
2228400	0
2232000	0
2235600	0
2239200	0
2242800	0
2246400	0
2250000	0
2253600	0
2257200	0
2260800	0
2264400	0
2268000	0
2271600	0
2275200	0
2278800	0
2282400	0
2286000	0
2289600	0
2293200	0
2296800	0
2300400	0
2304000	0
2307600	0
2311200	0
2314800	0
2318400	0
2322000	0
2325600	0
2329200	0
2332800	0
2336400	0
2340000	0
2343600	0
2347200	0
2350800	0
2354400	0
2358000	0
2361600	0
2365200	0
2368800	0
2372400	0
2376000	0
2379600	0
2383200	0
2386800	0
2390400	0
2394000	0
2397600	0
2401200	0
2404800	0
2408400	0
2412000	0
2415600	0
2419200	0
2422800	0
2426400	0
2430000	0
2433600	1.22795E-07
2437200	6.85694E-07
2440800	2.32495E-07
2444400	5.84781E-08
2448000	1.35871E-07
2451600	8.494E-08
2455200	2.36744E-08
2458800	4.75972E-09
2462400	8.47369E-08
2466000	2.148E-08
2469600	1.99444E-09
2473200	0
2476800	0
2480400	0
2484000	0
2487600	0
2491200	0
2494800	0
2498400	0
2502000	0
2505600	0
2509200	0
2512800	0
2516400	0
2520000	0
2523600	0
2527200	0
2530800	0
2534400	0
2538000	0
2541600	0
2545200	0
2548800	0
2552400	0
2556000	0
2559600	0
2563200	0
2566800	0
2570400	0
2574000	0
2577600	0
2581200	0
2584800	0
2588400	0
2592000	0
2595600	0
2599200	0
2602800	0
2606400	0
2610000	0
2613600	0
2617200	0
2620800	0
2624400	0
2628000	0
2631600	0
2635200	0
2638800	0
2642400	0
2646000	0
2649600	0
2653200	0
2656800	0
2660400	0
2664000	0
2667600	0
2671200	0
2674800	0
2678400	0
2682000	2.61743E-06
2685600	2.49827E-07
2689200	4.09244E-08
2692800	1.92925E-08
2696400	9.21278E-09
2700000	4.9875E-09
2703600	2.67969E-08
2707200	2.97922E-08
2710800	1.5164E-07
2714400	9.67936E-08
2718000	1.67042E-08
2721600	8.38889E-10
2725200	0
2728800	0
2732400	0
2736000	0
2739600	0
2743200	0
2746800	0
2750400	0
2754000	0
2757600	0
2761200	0
2764800	0
2768400	0
2772000	0
2775600	0
2779200	0
2782800	0
2786400	0
2790000	0
2793600	0
2797200	0
2800800	0
2804400	0
2808000	0
2811600	0
2815200	0
2818800	0
2822400	0
2826000	0
2829600	0
2833200	0
2836800	0
2840400	0
2844000	0
2847600	0
2851200	0
2854800	0
2858400	0
2862000	0
2865600	0
2869200	0
2872800	0
2876400	0
2880000	0
2883600	0
2887200	0
2890800	0
2894400	0
2898000	0
2901600	0
2905200	0
2908800	0
2912400	0
2916000	0
2919600	0
2923200	0
2926800	0
2930400	0
2934000	0
2937600	0
2941200	0
2944800	0
2948400	0
2952000	0
2955600	0
2959200	0
2962800	0
2966400	0
2970000	0
2973600	0
2977200	0
2980800	0
2984400	0
2988000	0
2991600	0
2995200	0
2998800	0
3002400	0
3006000	0
3009600	0
3013200	0
3016800	0
3020400	0
3024000	0
3027600	2.64544E-08
3031200	1.25056E-08
3034800	7.71778E-09
3038400	4.52167E-09
3042000	3.585E-09
3045600	1.99472E-09
3049200	1.36222E-09
3052800	0
3056400	0
3060000	0
3063600	0
3067200	0
3070800	0
3074400	0
3078000	0
3081600	0
3085200	0
3088800	0
3092400	0
3096000	0
3099600	0
3103200	0
3106800	0
3110400	0
3114000	0
3117600	0
3121200	0
3124800	0
3128400	0
3132000	0
3135600	0
3139200	0
3142800	0
3146400	0
3150000	0
3153600	0
3157200	0
3160800	0
3164400	0
3168000	0
3171600	0
3175200	0
3178800	0
3182400	0
3186000	0
3189600	0
3193200	0
3196800	0
3200400	0
3204000	0
3207600	0
3211200	0
3214800	0
3218400	0
3222000	0
3225600	0
3229200	0
3232800	0
3236400	0
3240000	0
3243600	0
3247200	0
3250800	0
3254400	0
3258000	0
3261600	0
3265200	0
3268800	0
3272400	0
3276000	0
3279600	0
3283200	0
3286800	0
3290400	0
3294000	0
3297600	0
3301200	0
3304800	0
3308400	0
3312000	0
3315600	6.35033E-08
3319200	1.57636E-08
3322800	8.68056E-10
3326400	8.45356E-08
3330000	2.76911E-08
3333600	5.23361E-09
3337200	0
3340800	0
3344400	0
3348000	0
3351600	0
3355200	0
3358800	0
3362400	0
3366000	0
3369600	0
3373200	0
3376800	0
3380400	0
3384000	0
3387600	0
3391200	0
3394800	0
3398400	0
3402000	0
3405600	0
3409200	0
3412800	0
3416400	0
3420000	0
3423600	0
3427200	0
3430800	0
3434400	0
3438000	0
3441600	0
3445200	0
3448800	0
3452400	0
3456000	0
3459600	0
3463200	0
3466800	0
3470400	0
3474000	0
3477600	0
3481200	0
3484800	0
3488400	0
3492000	0
3495600	0
3499200	0
3502800	0
3506400	0
3510000	0
3513600	0
3517200	0
3520800	0
3524400	0
3528000	0
3531600	0
3535200	0
3538800	0
3542400	0
3546000	0
3549600	0
3553200	0
3556800	0
3560400	0
3564000	0
3567600	0
3571200	0
3574800	0
3578400	0
3582000	2.50997E-08
3585600	4.50486E-08
3589200	1.16919E-08
3592800	8.78889E-10
3596400	0
3600000	0
3603600	4.151E-08
3607200	2.96183E-08
3610800	1.12933E-08
3614400	2.3049E-07
3618000	1.57464E-07
3621600	5.57414E-08
3625200	3.07439E-08
3628800	1.95897E-08
3632400	1.31469E-08
3636000	9.67E-09
3639600	7.46389E-09
3643200	5.36722E-09
3646800	3.0575E-09
3650400	2.37694E-09
3654000	1.46472E-09
3657600	1.17222E-09
3661200	3.25E-10
3664800	0
3668400	0
3672000	0
3675600	0
3679200	0
3682800	0
3686400	0
3690000	0
3693600	0
3697200	0
3700800	0
3704400	0
3708000	0
3711600	0
3715200	0
3718800	0
3722400	0
3726000	0
3729600	0
3733200	0
3736800	0
3740400	0
3744000	0
3747600	0
3751200	0
3754800	0
3758400	4.00775E-08
3762000	1.07833E-09
3765600	0
3769200	0
3772800	0
3776400	0
3780000	0
3783600	0
3787200	0
3790800	2.60631E-08
3794400	1.11064E-08
3798000	6.5775E-09
3801600	4.14361E-09
3805200	1.71861E-09
3808800	4.26667E-10
3812400	4.06944E-10
3816000	0
3819600	0
3823200	0
3826800	0
3830400	0
3834000	0
3837600	0
3841200	0
3844800	0
3848400	0
3852000	0
3855600	0
3859200	0
3862800	0
3866400	0
3870000	0
3873600	0
3877200	0
3880800	0
3884400	0
3888000	0
3891600	0
3895200	0
3898800	0
3902400	0
3906000	0
3909600	0
3913200	0
3916800	0
3920400	0
3924000	0
3927600	0
3931200	0
3934800	0
3938400	0
3942000	0
3945600	0
3949200	0
3952800	2.56697E-08
3956400	7.58433E-08
3960000	1.13538E-07
3963600	3.02795E-07
3967200	2.58468E-07
3970800	2.27731E-07
3974400	1.22912E-07
3978000	5.33542E-08
3981600	9.35531E-08
3985200	1.27267E-07
3988800	6.23044E-08
3992400	2.93372E-08
3996000	1.67431E-08
3999600	9.69694E-09
4003200	5.56694E-09
4006800	2.07361E-09
4010400	7.10278E-10
4014000	0
4017600	0
4021200	0
4024800	0
4028400	0
4032000	0
4035600	0
4039200	0
4042800	0
4046400	0
4050000	0
4053600	3.8852E-07
4057200	1.39084E-07
4060800	3.43653E-08
4064400	2.13856E-08
4068000	1.48833E-08
4071600	1.07336E-08
4075200	7.82722E-09
4078800	6.57222E-09
4082400	5.63444E-09
4086000	3.47833E-09
4089600	2.035E-09
4093200	3.15833E-10
4096800	0
4100400	0
4104000	0
4107600	0
4111200	0
4114800	0
4118400	0
4122000	6.58361E-08
4125600	2.64783E-08
4129200	1.34733E-08
4132800	8.54778E-09
4136400	7.40889E-09
4140000	8.24972E-09
4143600	7.41361E-09
4147200	4.51333E-09
4150800	3.86472E-09
4154400	6.48278E-09
4158000	1.02658E-08
4161600	1.38978E-08
4165200	1.61656E-08
4168800	1.72211E-08
4172400	1.27544E-08
4176000	6.69222E-09
4179600	2.55972E-09
4183200	1.53611E-10
4186800	0
4190400	0
4194000	0
4197600	0
4201200	0
4204800	0
4208400	0
4212000	0
4215600	0
4219200	0
4222800	0
4226400	0
4230000	0
4233600	0
4237200	0
4240800	0
4244400	0
4248000	0
4251600	0
4255200	0
4258800	0
4262400	0
4266000	0
4269600	0
4273200	0
4276800	0
4280400	0
4284000	0
4287600	0
4291200	0
4294800	0
4298400	0
4302000	0
4305600	0
4309200	0
4312800	0
4316400	0
4320000	0
4323600	0
4327200	0
4330800	0
4334400	0
4338000	0
4341600	0
4345200	0
4348800	0
4352400	0
4356000	0
4359600	0
4363200	0
4366800	0
4370400	0
4374000	0
4377600	0
4381200	0
4384800	0
4388400	0
4392000	0
4395600	0
4399200	0
4402800	0
4406400	0
4410000	1.07341E-06
4413600	3.65465E-07
4417200	8.19189E-08
4420800	2.74828E-08
4424400	1.47703E-08
4428000	6.70806E-09
4431600	1.76278E-09
4435200	0
4438800	0
4442400	0
4446000	0
4449600	0
4453200	0
4456800	0
4460400	0
4464000	0
4467600	0
4471200	0
4474800	0
4478400	0
4482000	0
4485600	0
4489200	0
4492800	0
4496400	0
4500000	0
4503600	0
4507200	0
4510800	0
4514400	0
4518000	0
4521600	0
4525200	0
4528800	0
4532400	0
4536000	0
4539600	0
4543200	0
4546800	0
4550400	0
4554000	0
4557600	0
4561200	0
4564800	0
4568400	0
4572000	0
4575600	0
4579200	0
4582800	0
4586400	0
4590000	0
4593600	0
4597200	0
4600800	0
4604400	0
4608000	0
4611600	0
4615200	0
4618800	0
4622400	0
4626000	0
4629600	0
4633200	0
4636800	0
4640400	0
4644000	0
4647600	0
4651200	0
4654800	0
4658400	0
4662000	0
4665600	0
4669200	0
4672800	0
4676400	0
4680000	0
4683600	0
4687200	2.62697E-08
4690800	1.53885E-07
4694400	8.51481E-08
4698000	2.22889E-08
4701600	4.90611E-09
4705200	7.50278E-10
4708800	0
4712400	0
4716000	0
4719600	0
4723200	0
4726800	0
4730400	0
4734000	0
4737600	0
4741200	0
4744800	0
4748400	0
4752000	0
4755600	0
4759200	0
4762800	0
4766400	0
4770000	0
4773600	0
4777200	0
4780800	0
4784400	0
4788000	0
4791600	0
4795200	0
4798800	0
4802400	0
4806000	4.16192E-08
4809600	5.36167E-09
4813200	0
4816800	0
4820400	0
4824000	0
4827600	0
4831200	0
4834800	0
4838400	0
4842000	0
4845600	0
4849200	0
4852800	0
4856400	0
4860000	0
4863600	0
4867200	4.57492E-08
4870800	1.92397E-08
4874400	8.76278E-09
4878000	1.36056E-09
4881600	0
4885200	4.84381E-07
4888800	1.35752E-06
4892400	4.07849E-07
4896000	6.90936E-08
4899600	9.64361E-09
4903200	9.43889E-10
4906800	0
4910400	0
4914000	0
4917600	0
4921200	0
4924800	0
4928400	0
4932000	0
4935600	0
4939200	0
4942800	0
4946400	0
4950000	0
4953600	0
4957200	0
4960800	0
4964400	0
4968000	0
4971600	0
4975200	0
4978800	0
4982400	0
4986000	0
4989600	0
4993200	0
4996800	0
5000400	0
5004000	0
5007600	0
5011200	0
5014800	9.70481E-08
5018400	5.85883E-08
5022000	3.09897E-08
5025600	1.96278E-08
5029200	1.29875E-08
5032800	8.33472E-09
5036400	4.85E-09
5040000	1.60111E-09
5043600	0
5047200	0
5050800	0
5054400	0
5058000	0
5061600	0
5065200	0
5068800	0
5072400	0
5076000	0
5079600	0
5083200	0
5086800	0
5090400	0
5094000	0
5097600	0
5101200	0
5104800	0
5108400	0
5112000	0
5115600	0
5119200	0
5122800	0
5126400	0
5130000	0
5133600	0
5137200	0
5140800	0
5144400	0
5148000	0
5151600	1.90225E-06
5155200	2.47556E-07
5158800	2.02528E-08
5162400	2.38889E-11
5166000	0
5169600	0
5173200	0
5176800	0
5180400	0
5184000	0
5187600	0
5191200	0
5194800	0
5198400	0
5202000	0
5205600	0
5209200	0
5212800	0
5216400	0
5220000	0
5223600	0
5227200	0
5230800	0
5234400	0
5238000	0
5241600	0
5245200	0
5248800	0
5252400	0
5256000	0
5259600	0
5263200	0
5266800	0
5270400	0
5274000	0
5277600	0
5281200	0
5284800	0
5288400	0
5292000	0
5295600	0
5299200	0
5302800	0
5306400	0
5310000	0
5313600	0
5317200	0
5320800	0
5324400	0
5328000	0
5331600	0
5335200	0
5338800	0
5342400	0
5346000	0
5349600	0
5353200	0
5356800	4.47823E-07
5360400	1.54869E-07
5364000	4.07294E-08
5367600	2.33136E-08
5371200	1.46483E-08
5374800	3.30203E-08
5378400	1.02443E-07
5382000	1.81612E-07
5385600	1.54263E-07
5389200	5.06989E-08
5392800	9.87111E-09
5396400	1.80833E-10
5400000	0
5403600	0
5407200	0
5410800	0
5414400	0
5418000	0
5421600	0
5425200	0
5428800	0
5432400	0
5436000	0
5439600	0
5443200	0
5446800	0
5450400	0
5454000	0
5457600	0
5461200	0
5464800	0
5468400	0
5472000	6.91836E-08
5475600	9.33936E-08
5479200	5.48022E-07
5482800	1.87591E-06
5486400	1.75959E-07
5490000	8.18417E-09
5493600	0
5497200	0
5500800	0
5504400	0
5508000	0
5511600	0
5515200	0
5518800	0
5522400	0
5526000	0
5529600	0
5533200	0
5536800	0
5540400	0
5544000	0
5547600	0
5551200	0
5554800	0
5558400	0
5562000	0
5565600	0
5569200	0
5572800	0
5576400	0
5580000	0
5583600	0
5587200	0
5590800	0
5594400	0
5598000	0
5601600	0
5605200	0
5608800	0
5612400	0
5616000	0
5619600	0
5623200	0
5626800	0
5630400	0
5634000	0
5637600	0
5641200	0
5644800	0
5648400	0
5652000	0
5655600	0
5659200	0
5662800	0
5666400	0
5670000	0
5673600	0
5677200	0
5680800	0
5684400	0
5688000	2.60542E-08
5691600	1.12128E-08
5695200	6.80861E-09
5698800	4.54694E-09
5702400	3.02722E-09
5706000	2.09972E-09
5709600	1.98639E-09
5713200	1.27083E-09
5716800	1.24889E-09
5720400	1.29306E-09
5724000	1.28528E-09
5727600	1.16194E-09
5731200	6.36944E-10
5734800	4.49444E-10
5738400	0
5742000	0
5745600	0
5749200	0
5752800	0
5756400	0
5760000	0
5763600	0
5767200	0
5770800	0
5774400	0
5778000	0
5781600	0
5785200	0
5788800	0
5792400	0
5796000	0
5799600	0
5803200	0
5806800	0
5810400	0
5814000	0
5817600	0
5821200	0
5824800	0
5828400	0
5832000	0
5835600	0
5839200	0
5842800	0
5846400	0
5850000	0
5853600	0
5857200	0
5860800	0
5864400	0
5868000	0
5871600	0
5875200	0
5878800	0
5882400	0
5886000	0
5889600	7.08855E-07
5893200	8.09244E-06
5896800	1.39433E-06
5900400	1.88476E-07
5904000	3.91753E-08
5907600	3.54263E-07
5911200	1.48673E-07
5914800	2.58181E-08
5918400	1.68333E-09
5922000	0
5925600	0
5929200	0
5932800	0
5936400	0
5940000	0
5943600	0
5947200	0
5950800	0
5954400	0
5958000	0
5961600	0
5965200	0
5968800	0
5972400	0
5976000	0
5979600	0
5983200	0
5986800	0
5990400	0
5994000	0
5997600	0
6001200	0
6004800	0
6008400	0
6012000	0
6015600	0
6019200	0
6022800	0
6026400	0
6030000	0
6033600	0
6037200	0
6040800	4.47556E-08
6044400	1.77589E-08
6048000	1.00908E-08
6051600	4.71778E-09
6055200	2.20028E-09
6058800	0
6062400	0
6066000	0
6069600	0
6073200	0
6076800	0
6080400	0
6084000	0
6087600	0
6091200	0
6094800	0
6098400	0
6102000	0
6105600	0
6109200	0
6112800	0
6116400	2.22669E-07
6120000	3.46403E-06
6123600	5.13488E-07
6127200	1.13782E-07
6130800	4.16694E-08
6134400	2.62272E-08
6138000	1.73714E-08
6141600	1.18117E-08
6145200	7.59028E-09
6148800	5.64722E-09
6152400	4.06944E-09
6156000	1.79222E-09
6159600	5.58333E-10
6163200	0
6166800	0
6170400	0
6174000	0
6177600	0
6181200	0
6184800	0
6188400	0
6192000	0
6195600	0
6199200	0
6202800	0
6206400	0
6210000	0
6213600	0
6217200	0
6220800	0
6224400	0
6228000	0
6231600	0
6235200	0
6238800	0
6242400	0
6246000	0
6249600	0
6253200	0
6256800	0
6260400	0
6264000	0
6267600	0
6271200	0
6274800	0
6278400	0
6282000	0
6285600	0
6289200	0
6292800	0
6296400	0
6300000	0
6303600	0
6307200	0
6310800	0
6314400	0
6318000	0
6321600	2.63811E-08
6325200	7.73164E-06
6328800	9.31471E-07
6332400	1.54352E-07
6336000	6.37539E-08
6339600	5.04614E-08
6343200	1.68703E-08
6346800	1.70694E-09
6350400	0
6354000	0
6357600	0
6361200	0
6364800	0
6368400	0
6372000	0
6375600	0
6379200	0
6382800	0
6386400	0
6390000	0
6393600	0
6397200	0
6400800	0
6404400	0
6408000	0
6411600	0
6415200	0
6418800	0
6422400	0
6426000	2.52675E-08
6429600	1.03466E-06
6433200	1.70101E-07
6436800	1.57422E-08
6440400	4.03889E-10
6444000	0
6447600	0
6451200	0
6454800	0
6458400	0
6462000	0
6465600	4.30933E-08
6469200	1.087E-06
6472800	5.66204E-07
6476400	1.28923E-07
6480000	3.73547E-08
6483600	2.08858E-08
6487200	1.25547E-08
6490800	7.14528E-09
6494400	4.31139E-09
6498000	1.99944E-09
6501600	1.1325E-09
6505200	4.075E-10
6508800	0
6512400	0
6516000	0
6519600	0
6523200	0
6526800	2.52892E-08
6530400	2.72364E-08
6534000	5.38528E-09
6537600	0
6541200	0
6544800	0
6548400	0
6552000	0
6555600	0
6559200	0
6562800	0
6566400	0
6570000	0
6573600	0
6577200	0
6580800	0
6584400	0
6588000	0
6591600	0
6595200	0
6598800	0
6602400	0
6606000	0
6609600	0
6613200	0
6616800	0
6620400	0
6624000	0
6627600	0
6631200	0
6634800	0
6638400	0
6642000	0
6645600	0
6649200	0
6652800	0
6656400	0
6660000	0
6663600	0
6667200	0
6670800	0
6674400	0
6678000	0
6681600	0
6685200	0
6688800	0
6692400	0
6696000	0
6699600	0
6703200	0
6706800	0
6710400	0
6714000	0
6717600	0
6721200	0
6724800	0
6728400	0
6732000	0
6735600	0
6739200	0
6742800	0
6746400	0
6750000	0
6753600	0
6757200	0
6760800	0
6764400	0
6768000	0
6771600	0
6775200	0
6778800	0
6782400	0
6786000	0
6789600	0
6793200	0
6796800	0
6800400	0
6804000	0
6807600	0
6811200	0
6814800	0
6818400	0
6822000	7.56649E-07
6825600	4.82244E-07
6829200	1.59448E-07
6832800	5.52572E-08
6836400	2.97878E-08
6840000	1.8715E-08
6843600	1.23133E-08
6847200	7.91778E-09
6850800	5.40306E-09
6854400	1.84083E-09
6858000	1.11389E-10
6861600	0
6865200	0
6868800	0
6872400	0
6876000	0
6879600	0
6883200	0
6886800	0
6890400	0
6894000	0
6897600	0
6901200	0
6904800	0
6908400	0
6912000	0
6915600	0
6919200	0
6922800	0
6926400	0
6930000	0
6933600	0
6937200	0
6940800	0
6944400	0
6948000	0
6951600	0
6955200	0
6958800	0
6962400	0
6966000	0
6969600	0
6973200	0
6976800	0
6980400	0
6984000	0
6987600	0
6991200	0
6994800	0
6998400	0
7002000	0
7005600	0
7009200	0
7012800	0
7016400	0
7020000	0
7023600	0
7027200	0
7030800	0
7034400	0
7038000	0
7041600	0
7045200	0
7048800	0
7052400	0
7056000	0
7059600	0
7063200	0
7066800	0
7070400	0
7074000	0
7077600	0
7081200	0
7084800	0
7088400	0
7092000	0
7095600	0
7099200	0
7102800	0
7106400	0
7110000	0
7113600	0
7117200	0
7120800	0
7124400	0
7128000	0
7131600	0
7135200	0
7138800	0
7142400	0
7146000	0
7149600	0
7153200	0
7156800	0
7160400	0
7164000	0
